"pos"	"symbol"	"strand"	"gene_start"	"gene_end"	"nt"	"trinuc"	"s_trinuc"	"mutations_at_pos"	"mutations_in_gene"	"mu_pos"	"binomial_probability"	"p.value"	"q.value"
"1"	3565	"MT-ND1"	1	3307	4262	"A"	"AAC"	2104	954	5066	0.0481894597008772	0.00412648540726489	0	0
"2"	3577	"MT-ND1"	1	3307	4262	"A"	"CAT"	1968	1276	5066	0.0450745516593756	0.00385975441135803	0	0
"3"	10935	"MT-ND4"	1	10760	12137	"A"	"GAC"	629	332	4397	0.0144064496919448	0.000875629924548264	0	0
"4"	10946	"MT-ND4"	1	10760	12137	"A"	"AAC"	2104	463	4397	0.0481894597008772	0.0029289751371217	0	0
"5"	13761	"MT-ND5"	1	12337	14148	"A"	"CAT"	1968	568	6640	0.0450745516593756	0.00198856172827031	0	0
"6"	13762	"MT-ND5"	1	12337	14148	"T"	"ATC"	1926	309	6640	0.044112594764206	0.00194612291089869	1.14542058920611e-302	1.66811418474717e-299
"7"	13062	"MT-ND5"	1	12337	14148	"A"	"CAG"	214	168	6640	0.00490139941824512	0.000216235878988744	2.88461610239086e-278	3.60082507181304e-275
"8"	13095	"MT-ND5"	1	12337	14148	"T"	"TTG"	341	162	6640	0.0078101738393532	0.000344562779136269	2.06724712623006e-233	2.25795067362478e-230
"9"	13105	"MT-ND5"	1	12337	14148	"A"	"AAT"	368	164	6640	0.00842857470053366	0.000371844876018026	8.64917724970163e-232	8.39739008976587e-229
"10"	3583	"MT-ND1"	1	3307	4262	"A"	"CAA"	416	184	5066	0.00952795400929892	0.000815883046303324	7.37534504334065e-229	6.44457649887106e-226
"11"	709	"MT-RNR1"	1	648	1601	"G"	"CGT"	955	171	2970	0.0218730674973088	0.00186774415620991	5.20534361828921e-187	4.13493568514646e-184
"12"	12705	"MT-ND5"	1	12337	14148	"C"	"TCT"	377	128	6640	0.00863470832092714	0.000380938908311946	2.49269452241882e-166	1.81509706140797e-163
"13"	10942	"MT-ND4"	1	10760	12137	"A"	"TAA"	330	117	4397	0.00755823274776116	0.000459392488236768	4.00843633285629e-159	2.69428589819218e-156
"14"	10941	"MT-ND4"	1	10760	12137	"T"	"CTA"	1497	165	4397	0.0342868921921165	0.00208397137845588	6.91583453811337e-143	4.31646872814533e-140
"15"	13768	"MT-ND5"	1	12337	14148	"T"	"CTT"	846	135	6640	0.0193765603169877	0.000854839035628398	2.36446125794819e-132	1.37737749813009e-129
"16"	8470	"MT-ATP8"	1	8366	8572	"A"	"TAC"	503	96	414	0.011520579006436	0.00550514944893782	2.47930773126572e-122	1.35401193473749e-119
"17"	13772	"MT-ND5"	1	12337	14148	"A"	"CAA"	416	94	6640	0.00952795400929892	0.000420346381585595	2.4933689806186e-106	1.28159165603796e-103
"18"	11711	"MT-ND4"	1	10760	12137	"G"	"CGC"	2115	150	4397	0.0484414007924693	0.00294428822006292	3.51698042505352e-103	1.70729860856209e-100
"19"	12684	"MT-ND5"	1	12337	14148	"G"	"AGT"	1347	129	6640	0.0308513318522251	0.0013610734999899	1.86002570119537e-99	8.55416030370799e-97
"20"	879	"MT-RNR1"	1	648	1601	"T"	"GTC"	558	69	2970	0.0127802844643961	0.00109131019807867	2.01384646149311e-65	8.79849519026342e-63
"21"	2702	"MT-RNR2"	1	1671	3229	"G"	"GGC"	1950	96	4742	0.0446622844185887	0.00249025289475936	3.46055011799987e-53	1.43991842528966e-50
"22"	12825	"MT-ND5"	1	12337	14148	"T"	"ATG"	374	52	6640	0.00856599711412931	0.000377907564213972	5.27989343120959e-49	2.09707767281406e-46
"23"	15536	"MT-CYB"	1	14747	15887	"A"	"CAC"	396	49	3544	0.00906987929731339	0.000627072426865303	1.35592464221002e-47	5.15133457549182e-45
"24"	14766	"MT-CYB"	1	14747	15887	"C"	"ACT"	267	43	3544	0.00611529740500676	0.000422798833265242	1.07548201602118e-46	3.91565077333046e-44
"25"	11914	"MT-ND4"	1	10760	12137	"G"	"CGT"	955	64	4397	0.0218730674973088	0.00132945401898822	2.04394586167745e-43	7.14399957573502e-41
"26"	10945	"MT-ND4"	1	10760	12137	"A"	"CAA"	416	45	4397	0.00952795400929892	0.000579112954868168	1.04724329177821e-39	3.51954303213771e-37
"27"	7028	"MT-CO1"	1	5904	7445	"C"	"CCC"	287	33	3380	0.00657337211699228	0.000351874806131694	9.59498614595735e-36	3.1052218127176e-33
"28"	10972	"MT-ND4"	1	10760	12137	"A"	"GAC"	629	48	4397	0.0144064496919448	0.000875629924548264	1.8954462852823e-35	5.91514630028455e-33
"29"	13781	"MT-ND5"	1	12337	14148	"T"	"ATC"	1926	75	6640	0.044112594764206	0.00194612291089869	1.99238100358837e-32	6.00325007219144e-30
"30"	2706	"MT-RNR2"	1	1671	3229	"A"	"TAA"	330	36	4742	0.00755823274776116	0.000421427412959276	2.28384524332436e-32	6.54831416198783e-30
"31"	2623	"MT-RNR2"	1	1671	3229	"A"	"GAC"	629	45	4742	0.0144064496919448	0.000803266190155711	2.3231602085331e-32	6.54831416198783e-30
"32"	3243	"MT-TL1"	1	3230	3304	"A"	"GAG"	158	28	196	0.00361879022468565	0.00580306313585779	6.19407527665908e-30	1.69136968023272e-27
"33"	5970	"MT-CO1"	1	5904	7445	"G"	"CGG"	851	41	3380	0.0194910789949841	0.0010433639721884	2.16282992922919e-29	5.72691149139536e-27
"34"	15452	"MT-CYB"	1	14747	15887	"C"	"CCT"	262	30	3544	0.00600077872701038	0.000414881252117953	8.57078197494464e-29	2.20269096756077e-26
"35"	11251	"MT-ND4"	1	10760	12137	"A"	"TAA"	330	33	4397	0.00755823274776116	0.000459392488236768	1.74082474406581e-28	4.34609331818486e-26
"36"	12612	"MT-ND5"	1	12337	14148	"A"	"TAG"	114	23	6640	0.00261102585831749	0.000115191075722976	3.77043132059072e-26	9.15167468870047e-24
"37"	13708	"MT-ND5"	1	12337	14148	"G"	"GGC"	1950	63	6640	0.0446622844185887	0.00197037366368248	2.46709215844885e-23	5.82633818392595e-21
"38"	2573	"MT-RNR2"	1	1671	3229	"G"	"CGG"	851	41	4742	0.0194910789949841	0.00108677190432831	2.70754063492682e-23	6.22591843894488e-21
"39"	2916	"MT-RNR2"	1	1671	3229	"G"	"CGG"	851	40	4742	0.0194910789949841	0.00108677190432831	2.17738027634741e-22	4.87844842428813e-20
"40"	12308	"MT-TL2"	1	12266	12336	"A"	"AAA"	154	21	175	0.00352717528228854	0.00518152148312641	3.34907282141538e-22	7.31604957838189e-20
"41"	10978	"MT-ND4"	1	10760	12137	"A"	"TAC"	503	32	4397	0.011520579006436	0.000700225519948771	7.47432029630051e-22	1.59294172558717e-19
"42"	1201	"MT-RNR1"	1	648	1601	"A"	"GAG"	158	21	2970	0.00361879022468565	0.000309008980817974	1.26089578549249e-21	2.62326366038891e-19
"43"	13063	"MT-ND5"	1	12337	14148	"G"	"AGT"	1347	50	6640	0.0308513318522251	0.0013610734999899	2.65945997889404e-21	5.40427006873863e-19
"44"	3380	"MT-ND1"	1	3307	4262	"G"	"CGA"	1559	65	5066	0.0357069237992717	0.00305760016631462	5.25839982633848e-21	1.04427040187604e-18
"45"	9531	"MT-CO3"	1	9207	9990	"A"	"TAC"	503	28	1897	0.011520579006436	0.00126531330968732	1.21760838301191e-20	2.36432490016845e-18
"46"	2333	"MT-RNR2"	1	1671	3229	"G"	"CGC"	2115	57	4742	0.0484414007924693	0.002700966601239	9.45241322663662e-20	1.79554753857284e-17
"47"	3010	"MT-RNR2"	1	1671	3229	"G"	"CGA"	1559	48	4742	0.0357069237992717	0.00199092526304094	4.28700259481962e-19	7.97017631351784e-17
"48"	8251	"MT-CO2"	1	7586	8269	"G"	"GGC"	1950	44	1402	0.0446622844185887	0.0061836839534987	9.60728966924793e-18	1.74892702353934e-15
"49"	7609	"MT-CO2"	1	7586	8269	"T"	"GTC"	558	25	1402	0.0127802844643961	0.00176948494669347	3.66657491663526e-17	6.53847584113448e-15
"50"	11467	"MT-ND4"	1	10760	12137	"A"	"TAA"	330	23	4397	0.00755823274776116	0.000459392488236768	5.62711629549743e-17	9.8339484380113e-15
"51"	15140	"MT-CYB"	1	14747	15887	"G"	"TGT"	769	31	3544	0.0176129726758434	0.00121772398045308	8.26532764317837e-17	1.41612613619789e-14
"52"	14798	"MT-CYB"	1	14747	15887	"T"	"ATT"	833	30	3544	0.0190788117541971	0.00131906901913838	4.69214082074652e-15	7.78994952022163e-13
"53"	5032	"MT-ND2"	1	4470	5511	"G"	"GGA"	989	29	2442	0.0226517945076842	0.00177782411585158	4.72496365955306e-15	7.78994952022163e-13
"54"	10326	"MT-ND3"	1	10059	10404	"T"	"GTC"	558	24	889	0.0127802844643961	0.00326065996225114	9.75463428103228e-15	1.57844433977148e-12
"55"	3590	"MT-ND1"	1	3307	4262	"T"	"CTG"	426	28	5066	0.00975699136529168	0.000835495619531769	1.85100832793889e-14	2.94074741264183e-12
"56"	10398	"MT-ND3"	1	10059	10404	"A"	"AAC"	2104	44	889	0.0481894597008772	0.0122946748397427	2.39682406608853e-14	3.73990155169314e-12
"57"	11719	"MT-ND4"	1	10760	12137	"G"	"GGC"	1950	46	4397	0.0446622844185887	0.00271459197594454	4.79768064822994e-14	7.35476026390056e-12
"58"	13369	"MT-ND5"	1	12337	14148	"T"	"GTC"	558	26	6640	0.0127802844643961	0.000563830002222986	5.29059243267922e-14	7.97055115116398e-12
"59"	5609	"MT-TA"	-1	5587	5655	"T"	"CTG"	426	21	183	0.00975699136529168	0.0130426795664687	6.73423966015209e-14	9.9735230763405e-12
"60"	10197	"MT-ND3"	1	10059	10404	"G"	"CGC"	2115	43	889	0.0484414007924693	0.0123589530827261	1.19650476581311e-13	1.74250977394582e-11
"61"	6289	"MT-CO1"	1	5904	7445	"A"	"TAC"	503	20	3380	0.011520579006436	0.000616700444195966	1.30005672856237e-13	1.86227798265212e-11
"62"	2492	"MT-RNR2"	1	1671	3229	"G"	"CGC"	2115	47	4742	0.0484414007924693	0.002700966601239	1.43673375509731e-13	2.02486766968392e-11
"63"	10943	"MT-ND4"	1	10760	12137	"A"	"AAC"	2104	47	4397	0.0481894597008772	0.0029289751371217	1.72180480779378e-13	2.38811593817493e-11
"64"	9966	"MT-CO3"	1	9207	9990	"G"	"TGT"	769	25	1897	0.0176129726758434	0.00193444519910447	2.2212622861523e-13	3.03271716506232e-11
"65"	4560	"MT-ND2"	1	4470	5511	"G"	"AGT"	1347	31	2442	0.0308513318522251	0.00242136408903142	2.99592472780366e-13	4.0274446571613e-11
"66"	4412	"MT-TM"	1	4402	4469	"G"	"AGC"	3020	73	282	0.0691692815098142	0.105402764204942	3.18469505074421e-13	4.21634323536408e-11
"67"	9055	"MT-ATP6"	1	8527	9207	"G"	"CGC"	2115	36	1218	0.0484414007924693	0.00666555311484606	4.11933328741874e-13	5.37234839783059e-11
"68"	5703	"MT-TN"	-1	5657	5729	"G"	"AGC"	3020	54	185	0.0691692815098142	0.101172529313233	4.60240954188509e-13	5.91409626132234e-11
"69"	4917	"MT-ND2"	1	4470	5511	"A"	"AAA"	154	13	2442	0.00352717528228854	0.000276830044328759	5.13488112260558e-13	6.50269438396052e-11
"70"	4216	"MT-ND1"	1	3307	4262	"T"	"ATA"	1099	42	5066	0.0251712054236046	0.00215542179780614	6.30729080055256e-13	7.87330100217546e-11
"71"	1082	"MT-RNR1"	1	648	1601	"A"	"TAC"	503	22	2970	0.011520579006436	0.000983743780705323	9.06850509751952e-13	1.11606475411444e-10
"72"	15557	"MT-CYB"	1	14747	15887	"G"	"CGA"	1559	37	3544	0.0357069237992717	0.00246870180172477	9.52734331583405e-13	1.15624897074664e-10
"73"	2300	"MT-RNR2"	1	1671	3229	"G"	"TGT"	769	27	4742	0.0176129726758434	0.000982053577471768	1.085175731392e-12	1.29894048505525e-10
"74"	15172	"MT-CYB"	1	14747	15887	"G"	"GGG"	477	21	3544	0.0109250818808548	0.000755337241451388	1.3988300875166e-12	1.65175368982704e-10
"75"	2690	"MT-RNR2"	1	1671	3229	"G"	"CGT"	955	29	4742	0.0218730674973088	0.00121958539204881	5.16611430312065e-12	6.01886757075577e-10
"76"	4408	"MT-TM"	1	4402	4469	"G"	"GGT"	715	31	282	0.0163761709534825	0.0249546279491833	8.96588270069290e-12	1.03084056629809e-09
"77"	1767	"MT-RNR2"	1	1671	3229	"G"	"TGG"	664	24	4742	0.0152080804379194	0.000847963036984725	1.05462194297631e-11	1.19679045944506e-09
"78"	10677	"MT-ND4L"	1	10470	10766	"G"	"CGA"	1559	30	684	0.0357069237992717	0.00971599867877375	1.99096002217286e-11	2.23038572740339e-09
"79"	3197	"MT-RNR2"	1	1671	3229	"T"	"GTA"	426	19	4742	0.00975699136529168	0.000544024478547429	4.59585111021605e-11	5.08336037988201e-09
"80"	14207	"MT-ND6"	-1	14149	14673	"G"	"AGT"	1347	27	1047	0.0308513318522251	0.00542004329596575	7.25284302698278e-11	7.92191779622194e-09
"81"	13681	"MT-ND5"	1	12337	14148	"A"	"CAC"	396	19	6640	0.00906987929731339	0.000400137420932441	7.53940645964745e-11	8.1332510672098e-09
"82"	5591	"MT-TA"	-1	5587	5655	"G"	"GGA"	989	26	183	0.0226517945076842	0.0302798358949238	8.0892353118753e-11	8.56584352980029e-09
"83"	14560	"MT-ND6"	-1	14149	14673	"G"	"CGA"	1559	29	1047	0.0357069237992717	0.00627308648731299	8.1364730255599e-11	8.56584352980029e-09
"84"	12315	"MT-TL2"	1	12266	12336	"G"	"TGG"	664	22	175	0.0152080804379194	0.022341105615558	8.86542850310324e-11	9.22215645953763e-09
"85"	11195	"MT-ND4"	1	10760	12137	"G"	"AGG"	1420	33	4397	0.0325233045509723	0.00197677979786731	2.37466744177479e-10	2.44115813014448e-08
"86"	3022	"MT-RNR2"	1	1671	3229	"G"	"CGC"	2115	41	4742	0.0484414007924693	0.002700966601239	2.75535319979489e-10	2.79956700695439e-08
"87"	2700	"MT-RNR2"	1	1671	3229	"G"	"CGG"	851	25	4742	0.0194910789949841	0.00108677190432831	2.82711639442719e-10	2.8394647189086e-08
"88"	4665	"MT-ND2"	1	4470	5511	"G"	"CGC"	2115	34	2442	0.0484414007924693	0.00380191911529432	3.02203278388201e-10	3.00074118926829e-08
"89"	9445	"MT-CO3"	1	9207	9990	"G"	"CGA"	1559	30	1897	0.0357069237992717	0.00392171660000503	3.57039157175068e-10	3.50540242179297e-08
"90"	2814	"MT-RNR2"	1	1671	3229	"G"	"TGG"	664	22	4742	0.0152080804379194	0.000847963036984725	3.68864741442614e-10	3.58126678969506e-08
"91"	1552	"MT-RNR1"	1	648	1601	"G"	"GGA"	989	26	2970	0.0226517945076842	0.00193423975967707	5.17882177481553e-10	4.97280710641078e-08
"92"	14053	"MT-ND5"	1	12337	14148	"A"	"CAC"	396	18	6640	0.00906987929731339	0.000400137420932441	5.4469220097466e-10	5.17339179577889e-08
"93"	2571	"MT-RNR2"	1	1671	3229	"G"	"CGC"	2115	40	4742	0.0484414007924693	0.002700966601239	8.9636459712791e-10	8.42197188140181e-08
"94"	5147	"MT-ND2"	1	4470	5511	"G"	"CGA"	1559	28	2442	0.0357069237992717	0.00280245479940607	1.01996971952272e-09	9.4813780948825e-08
"95"	6690	"MT-CO1"	1	5904	7445	"G"	"CGG"	851	20	3380	0.0194910789949841	0.0010433639721884	1.23539944539596e-09	1.13630740567051e-07
"96"	10068	"MT-ND3"	1	10059	10404	"G"	"CGC"	2115	36	889	0.0484414007924693	0.0123589530827261	1.34379832293363e-09	1.22313643185355e-07
"97"	15092	"MT-CYB"	1	14747	15887	"G"	"CGG"	851	23	3544	0.0194910789949841	0.00134757231126862	1.61155156835237e-09	1.45172552621269e-07
"98"	11690	"MT-ND4"	1	10760	12137	"G"	"CGG"	851	24	4397	0.0194910789949841	0.00118467578027118	1.70127821304191e-09	1.51691520668982e-07
"99"	10550	"MT-ND4L"	1	10470	10766	"A"	"TAT"	152	10	684	0.00348136781108999	0.000947294290682239	1.88530227723406e-09	1.65146049089903e-07
"100"	3016	"MT-RNR2"	1	1671	3229	"G"	"TGC"	727	22	4742	0.0166510157806738	0.000928417361276951	1.8899753844118e-09	1.65146049089903e-07
"101"	1968	"MT-RNR2"	1	1671	3229	"G"	"TGG"	664	21	4742	0.0152080804379194	0.000847963036984725	2.04451612224676e-09	1.7688100867517e-07
"102"	9209	"MT-CO3"	1	9207	9990	"G"	"TGA"	1392	27	1897	0.0318819999541925	0.00350162251905517	2.24595042236194e-09	1.90535095054356e-07
"103"	9979	"MT-CO3"	1	9207	9990	"G"	"TGA"	1392	27	1897	0.0318819999541925	0.00350162251905517	2.24595042236194e-09	1.90535095054356e-07
"104"	12007	"MT-ND4"	1	10760	12137	"G"	"GGG"	477	18	4397	0.0109250818808548	0.00066403096026951	2.30663392450665e-09	1.93801608003261e-07
"105"	10203	"MT-ND3"	1	10059	10404	"G"	"CGT"	955	23	889	0.0218730674973088	0.00558052018629003	2.84164541609303e-09	2.3397194156424e-07
"106"	3480	"MT-ND1"	1	3307	4262	"A"	"AAG"	89	11	5066	0.00203843246833559	0.000174551901733163	2.85985827709352e-09	2.3397194156424e-07
"107"	6718	"MT-CO1"	1	5904	7445	"G"	"GGT"	715	18	3380	0.0163761709534825	0.000876621903777566	2.8650718410819e-09	2.3397194156424e-07
"108"	9715	"MT-CO3"	1	9207	9990	"G"	"GGT"	715	19	1897	0.0163761709534825	0.00179860639448595	4.11234050535599e-09	3.32718808664821e-07
"109"	10646	"MT-ND4L"	1	10470	10766	"G"	"TGC"	727	18	684	0.0166510157806738	0.00453080887714466	5.00135391545393e-09	4.00934224892077e-07
"110"	6174	"MT-CO1"	1	5904	7445	"G"	"CGA"	1559	26	3380	0.0357069237992717	0.00191140356362129	5.61288722397588e-09	4.45867350573648e-07
"111"	11900	"MT-ND4"	1	10760	12137	"G"	"TGT"	769	22	4397	0.0176129726758434	0.00107052370743659	6.16141706898697e-09	4.85031192331605e-07
"112"	810	"MT-RNR1"	1	648	1601	"G"	"GGG"	477	17	2970	0.0109250818808548	0.000932894201583378	6.72262567937834e-09	5.18975374821306e-07
"113"	1411	"MT-RNR1"	1	648	1601	"G"	"GGG"	477	17	2970	0.0109250818808548	0.000932894201583378	6.72262567937834e-09	5.18975374821306e-07
"114"	12501	"MT-ND5"	1	12337	14148	"G"	"TGT"	769	23	6640	0.0176129726758434	0.000777034537113756	6.77079340004908e-09	5.18975374821306e-07
"115"	2009	"MT-RNR2"	1	1671	3229	"G"	"GGT"	715	21	4742	0.0163761709534825	0.000913092728078432	7.23030633226772e-09	5.49377536794394e-07
"116"	7854	"MT-CO2"	1	7586	8269	"T"	"GTC"	558	16	1402	0.0127802844643961	0.00176948494669347	9.05012965868486e-09	6.81724422048175e-07
"117"	10685	"MT-ND4L"	1	10470	10766	"G"	"CGG"	851	19	684	0.0194910789949841	0.00530360158796438	9.68875809900404e-09	7.23592891188865e-07
"118"	1336	"MT-RNR1"	1	648	1601	"G"	"TGT"	769	21	2970	0.0176129726758434	0.00150397409018368	1.20213159503593e-08	8.90188633679999e-07
"119"	1792	"MT-RNR2"	1	1671	3229	"G"	"GGG"	477	17	4742	0.0109250818808548	0.000609154169641135	1.23794647512227e-08	9.09006411732635e-07
"120"	13773	"MT-ND5"	1	12337	14148	"A"	"AAA"	154	11	6640	0.00352717528228854	0.000155608997029283	1.38741292804728e-08	1.01026784710643e-06
"121"	11888	"MT-ND4"	1	10760	12137	"G"	"GGG"	477	17	4397	0.0109250818808548	0.00066403096026951	1.44069736681273e-08	1.04039781745534e-06
"122"	7588	"MT-CO2"	1	7586	8269	"G"	"TGG"	664	17	1402	0.0152080804379194	0.00210562366416571	1.6109037670036e-08	1.15377681279323e-06
"123"	1348	"MT-RNR1"	1	648	1601	"G"	"GGT"	715	20	2970	0.0163761709534825	0.00139836342585349	1.79787254010699e-08	1.27722034597194e-06
"124"	4752	"MT-ND2"	1	4470	5511	"T"	"ATC"	1926	29	2442	0.044112594764206	0.00346217315179993	2.35797756799453e-08	1.66161354751098e-06
"125"	9716	"MT-CO3"	1	9207	9990	"T"	"GTC"	558	16	1897	0.0127802844643961	0.0014036676477247	2.41151222166714e-08	1.6857435034342e-06
"126"	8060	"MT-CO2"	1	7586	8269	"G"	"CGT"	955	20	1402	0.0218730674973088	0.00302841957722629	2.45070689039483e-08	1.69954577843413e-06
"127"	14721	"MT-TE"	-1	14674	14742	"G"	"CGT"	955	20	123	0.0218730674973088	0.0368697397884333	2.78369878610571e-08	1.91527244039305e-06
"128"	4831	"MT-ND2"	1	4470	5511	"G"	"GGC"	1950	29	2442	0.0446622844185887	0.00350531549637065	3.05622043696561e-08	2.0863479826723e-06
"129"	8543	"MT-ATP8"	1	8366	8572	"T"	"TTC"	785	18	414	0.0179794324454319	0.00859153542229859	3.56143461448102e-08	2.41238881095621e-06
"130"	13368	"MT-ND5"	1	12337	14148	"G"	"GGT"	715	21	6640	0.0163761709534825	0.000722470343350242	4.03862688988667e-08	2.71457859721767e-06
"131"	6951	"MT-CO1"	1	5904	7445	"G"	"CGT"	955	19	3380	0.0218730674973088	0.00117087261273787	4.24621720267589e-08	2.83232411580015e-06
"132"	6734	"MT-CO1"	1	5904	7445	"G"	"TGA"	1392	23	3380	0.0318819999541925	0.00170665411196975	4.85406107638227e-08	3.21324133980517e-06
"133"	12345	"MT-ND5"	1	12337	14148	"G"	"TGC"	727	21	6640	0.0166510157806738	0.000734595719742134	5.31033735016859e-08	3.46635189563426e-06
"134"	13367	"MT-ND5"	1	12337	14148	"G"	"GGG"	477	17	6640	0.0109250818808548	0.000481983711577714	5.3157605174524e-08	3.46635189563426e-06
"135"	1642	"MT-TV"	1	1602	1670	"G"	"GGA"	989	27	231	0.0226517945076842	0.0349964614295824	5.72242949063478e-08	3.70389547327161e-06
"136"	933	"MT-RNR1"	1	648	1601	"G"	"CGG"	851	21	2970	0.0194910789949841	0.00166434583972213	6.45454143102896e-08	4.13692086321085e-06
"137"	8368	"MT-ATP8"	1	8366	8572	"G"	"TGC"	727	17	414	0.0166510157806738	0.0079567468178485	6.4861313602642e-08	4.13692086321085e-06
"138"	15110	"MT-CYB"	1	14747	15887	"G"	"TGC"	727	19	3544	0.0166510157806738	0.00115121629881585	6.76407936724942e-08	4.28293663123373e-06
"139"	7598	"MT-CO2"	1	7586	8269	"G"	"AGC"	3020	37	1402	0.0691692815098142	0.0095767823279826	7.33891599580168e-08	4.61348546556224e-06
"140"	1227	"MT-RNR1"	1	648	1601	"G"	"CGA"	1559	29	2970	0.0357069237992717	0.00304901899427356	9.91968826256267e-08	6.19130257416233e-06
"141"	15243	"MT-CYB"	1	14747	15887	"G"	"GGA"	989	22	3544	0.0226517945076842	0.0015660975509338	1.03744253668424e-07	6.42920062804746e-06
"142"	15923	"MT-TT"	1	15888	15953	"A"	"AAA"	154	10	96	0.00352717528228854	0.0112392351481536	1.50509056650308e-07	9.26160659866474e-06
"143"	15171	"MT-CYB"	1	14747	15887	"G"	"GGG"	477	15	3544	0.0109250818808548	0.000755337241451388	1.60428128009229e-07	9.80294393387861e-06
"144"	12810	"MT-ND5"	1	12337	14148	"A"	"GAT"	85	8	6640	0.00194681752593848	8.58880827759028e-05	1.66828405512221e-07	1.00612367718099e-05
"145"	2593	"MT-RNR2"	1	1671	3229	"G"	"GGT"	715	19	4742	0.0163761709534825	0.000913092728078432	1.66958037527173e-07	1.00612367718099e-05
"146"	1169	"MT-RNR1"	1	648	1601	"G"	"AGG"	1420	27	2970	0.0325233045509723	0.00277716932127546	1.76476004994055e-07	1.05619680249182e-05
"147"	12372	"MT-ND5"	1	12337	14148	"G"	"TGA"	1392	29	6640	0.0318819999541925	0.00140654366145949	1.92184033184882e-07	1.14238372923095e-05
"148"	14950	"MT-CYB"	1	14747	15887	"C"	"ACA"	355	13	3544	0.00813082613774307	0.000562148261457532	1.95442251960449e-07	1.15390162002055e-05
"149"	12385	"MT-ND5"	1	12337	14148	"C"	"TCC"	253	12	6640	0.00579464510661689	0.000255643352262393	2.49463416281062e-07	1.46296062514357e-05
"150"	8764	"MT-ATP6"	1	8527	9207	"G"	"TGC"	727	15	1218	0.0166510157806738	0.00229118539692345	2.59628590610526e-07	1.51242308316985e-05
"151"	2635	"MT-RNR2"	1	1671	3229	"G"	"TGG"	664	18	4742	0.0152080804379194	0.000847963036984725	2.62270957125325e-07	1.51769776381529e-05
"152"	7041	"MT-CO1"	1	5904	7445	"G"	"TGT"	769	16	3380	0.0176129726758434	0.000942828313293634	2.67914624145456e-07	1.54015656959408e-05
"153"	5231	"MT-ND2"	1	4470	5511	"G"	"TGC"	727	16	2442	0.0166510157806738	0.0013068535209546	2.70589161802744e-07	1.54536476851789e-05
"154"	3248	"MT-TL1"	1	3230	3304	"G"	"CGG"	851	22	196	0.0194910789949841	0.0312557387887024	2.85477231637627e-07	1.61466662765801e-05
"155"	12772	"MT-ND5"	1	12337	14148	"G"	"GGG"	477	16	6640	0.0109250818808548	0.000481983711577714	2.86419463592346e-07	1.61466662765801e-05
"156"	11126	"MT-ND4"	1	10760	12137	"G"	"CGA"	1559	29	4397	0.0357069237992717	0.00217028148230643	2.91629378134431e-07	1.63349840137093e-05
"157"	9449	"MT-CO3"	1	9207	9990	"C"	"ACG"	88	7	1897	0.00201552873273631	0.000221366940859809	3.13678153339395e-07	1.74580872858575e-05
"158"	14905	"MT-CYB"	1	14747	15887	"G"	"TGC"	727	18	3544	0.0166510157806738	0.00115121629881585	3.20391103055203e-07	1.76074053993482e-05
"159"	15301	"MT-CYB"	1	14747	15887	"G"	"TGC"	727	18	3544	0.0166510157806738	0.00115121629881585	3.20391103055203e-07	1.76074053993482e-05
"160"	6709	"MT-CO1"	1	5904	7445	"G"	"GGA"	989	18	3380	0.0226517945076842	0.00121255812984058	3.41249337026347e-07	1.86364794183514e-05
"161"	6272	"MT-CO1"	1	5904	7445	"A"	"GAA"	63	6	3380	0.0014429353427544	7.72408111020792e-05	3.50374922794847e-07	1.90160004682073e-05
"162"	874	"MT-RNR1"	1	648	1601	"G"	"GGT"	715	18	2970	0.0163761709534825	0.00139836342585349	4.10174557588937e-07	2.21241066926675e-05
"163"	2621	"MT-RNR2"	1	1671	3229	"G"	"GGG"	477	15	4742	0.0109250818808548	0.000609154169641135	4.15278509834443e-07	2.2126241578862e-05
"164"	2815	"MT-RNR2"	1	1671	3229	"G"	"GGG"	477	15	4742	0.0109250818808548	0.000609154169641135	4.15278509834443e-07	2.2126241578862e-05
"165"	6713	"MT-CO1"	1	5904	7445	"C"	"ACA"	355	11	3380	0.00813082613774307	0.000435245840337113	4.51830670428671e-07	2.39278569588226e-05
"166"	5978	"MT-CO1"	1	5904	7445	"A"	"GAG"	158	8	3380	0.00361879022468565	0.000193715050065532	4.65884382569189e-07	2.45234803306601e-05
"167"	8994	"MT-ATP6"	1	8527	9207	"G"	"TGG"	664	14	1218	0.0152080804379194	0.00209263700626846	5.00505113440971e-07	2.61881058757317e-05
"168"	9343	"MT-CO3"	1	9207	9990	"G"	"GGC"	1950	28	1897	0.0446622844185887	0.00490529016677987	5.30943925247065e-07	2.76154048738622e-05
"169"	15392	"MT-CYB"	1	14747	15887	"G"	"CGA"	1559	27	3544	0.0357069237992717	0.00246870180172477	5.44901268583815e-07	2.81736525732862e-05
"170"	6955	"MT-CO1"	1	5904	7445	"G"	"GGT"	715	15	3380	0.0163761709534825	0.000876621903777566	5.64432496830756e-07	2.90118303371009e-05
"171"	10914	"MT-ND4"	1	10760	12137	"G"	"TGT"	769	19	4397	0.0176129726758434	0.00107052370743659	5.72854103603225e-07	2.92725096917251e-05
"172"	3003	"MT-RNR2"	1	1671	3229	"A"	"GAC"	629	17	4742	0.0144064496919448	0.000803266190155711	5.79176431455506e-07	2.94235096398733e-05
"173"	14569	"MT-ND6"	-1	14149	14673	"G"	"CGC"	2115	27	1047	0.0484414007924693	0.0085103129702803	6.8724779634898e-07	3.47119725115456e-05
"174"	3091	"MT-RNR2"	1	1671	3229	"G"	"GGT"	715	18	4742	0.0163761709534825	0.000913092728078432	7.45109644316973e-07	3.73659038068535e-05
"175"	13753	"MT-ND5"	1	12337	14148	"T"	"TTC"	785	20	6640	0.0179794324454319	0.000793201705636279	7.48344376996952e-07	3.73659038068535e-05
"176"	11456	"MT-ND4"	1	10760	12137	"G"	"CGC"	2115	34	4397	0.0484414007924693	0.00294428822006292	7.8583804874724e-07	3.90150731247351e-05
"177"	12889	"MT-ND5"	1	12337	14148	"G"	"CGC"	2115	36	6640	0.0484414007924693	0.00213709758907099	8.49412474154159e-07	4.19331423681302e-05
"178"	8115	"MT-CO2"	1	7586	8269	"G"	"GGA"	989	18	1402	0.0226517945076842	0.00313623765641549	8.83212291154619e-07	4.33567921354442e-05
"179"	6762	"MT-CO1"	1	5904	7445	"G"	"CGT"	955	17	3380	0.0218730674973088	0.00117087261273787	9.59919623385244e-07	4.68590931236886e-05
"180"	13208	"MT-ND5"	1	12337	14148	"G"	"TGC"	727	19	6640	0.0166510157806738	0.000734595719742134	9.67939277210756e-07	4.69880744681533e-05
"181"	7919	"MT-CO2"	1	7586	8269	"G"	"CGA"	1559	23	1402	0.0357069237992717	0.0049437760428228	1.05315211930544e-06	5.08422277264692e-05
"182"	7236	"MT-CO1"	1	5904	7445	"G"	"CGA"	1559	22	3380	0.0357069237992717	0.00191140356362129	1.2447895401547e-06	5.97635769333615e-05
"183"	8166	"MT-CO2"	1	7586	8269	"G"	"GGT"	715	15	1402	0.0163761709534825	0.00226735078294952	1.29227081310244e-06	6.1704165928356e-05
"184"	13722	"MT-ND5"	1	12337	14148	"A"	"TAT"	152	9	6640	0.00348136781108999	0.000153588100963967	1.31353271787804e-06	6.23785265696645e-05
"185"	669	"MT-RNR1"	1	648	1601	"T"	"TTC"	785	18	2970	0.0179794324454319	0.00153526613887411	1.50982378340721e-06	7.13126498346604e-05
"186"	4920	"MT-ND2"	1	4470	5511	"G"	"CGT"	955	17	2442	0.0218730674973088	0.0017167057943764	2.03782353386115e-06	9.57338819294557e-05
"187"	10310	"MT-ND3"	1	10059	10404	"G"	"TGC"	727	16	889	0.0166510157806738	0.00424820751354226	2.21628671401221e-06	0.00010356103372748
"188"	4481	"MT-ND2"	1	4470	5511	"G"	"TGG"	664	14	2442	0.0152080804379194	0.00119360486645647	2.40092978412116e-06	0.000111592151349206
"189"	15150	"MT-CYB"	1	14747	15887	"G"	"TGA"	1392	24	3544	0.0318819999541925	0.00220425459140531	2.4253134464422e-06	0.00011212904177255
"190"	9868	"MT-CO3"	1	9207	9990	"G"	"CGC"	2115	28	1897	0.0484414007924693	0.00532035318089201	2.4598334320482e-06	0.000113085228509559
"191"	1574	"MT-RNR1"	1	648	1601	"G"	"AGT"	1347	24	2970	0.0308513318522251	0.00263439934912539	2.47243190023365e-06	0.000113085228509559
"192"	12868	"MT-ND5"	1	12337	14148	"G"	"CGG"	851	20	6640	0.0194910789949841	0.000859891275791686	2.4848207683492e-06	0.000113085228509559
"193"	4309	"MT-TI"	1	4263	4331	"G"	"GGA"	989	22	216	0.0226517945076842	0.0323160371193308	2.55177219385946e-06	0.000115530494455668
"194"	3915	"MT-ND1"	1	3307	4262	"G"	"GGG"	477	18	5066	0.0109250818808548	0.00093551974299684	2.59146198522183e-06	0.000116722653746744
"195"	7886	"MT-CO2"	1	7586	8269	"G"	"TGG"	664	14	1402	0.0152080804379194	0.00210562366416571	2.72474745314687e-06	0.000121473690028558
"196"	7896	"MT-CO2"	1	7586	8269	"G"	"TGG"	664	14	1402	0.0152080804379194	0.00210562366416571	2.72474745314687e-06	0.000121473690028558
"197"	7293	"MT-CO1"	1	5904	7445	"G"	"AGC"	3020	32	3380	0.0691692815098142	0.00370265475441713	2.7615258639097e-06	0.000122488390857071
"198"	6755	"MT-CO1"	1	5904	7445	"G"	"GGT"	715	14	3380	0.0163761709534825	0.000876621903777566	2.90893644840084e-06	0.000128375185283467
"199"	1982	"MT-RNR2"	1	1671	3229	"G"	"GGT"	715	17	4742	0.0163761709534825	0.000913092728078432	3.1550195837254e-06	0.000138535483028103
"200"	3667	"MT-ND1"	1	3307	4262	"T"	"GTG"	147	10	5066	0.00336684913309361	0.000288304826458146	3.23109450456107e-06	0.000141166518904273
"201"	1180	"MT-RNR1"	1	648	1601	"T"	"GTG"	147	8	2970	0.00336684913309361	0.000287495697343305	3.26832627836402e-06	0.000142082761295248
"202"	5522	"MT-TW"	1	5512	5579	"G"	"GGT"	715	16	139	0.0163761709534825	0.0291979745181313	3.50935777718613e-06	0.000151805783450755
"203"	15617	"MT-CYB"	1	14747	15887	"G"	"CGT"	955	19	3544	0.0218730674973088	0.00151225799913223	3.65289592770132e-06	0.000157236475942138
"204"	12622	"MT-ND5"	1	12337	14148	"G"	"CGT"	955	21	6640	0.0218730674973088	0.000964977871188085	3.88342223311801e-06	0.000166339918985222
"205"	9268	"MT-CO3"	1	9207	9990	"C"	"GCC"	131	7	1897	0.00300038936350519	0.000329534877870852	4.25483584786568e-06	0.000181359783603172
"206"	15244	"MT-CYB"	1	14747	15887	"A"	"GAG"	158	8	3544	0.00361879022468565	0.000250195564254338	4.2995188641071e-06	0.000182374737061009
"207"	6264	"MT-CO1"	1	5904	7445	"G"	"CGG"	851	15	3380	0.0194910789949841	0.0010433639721884	4.57642084911219e-06	0.000193182441447064
"208"	4360	"MT-TQ"	-1	4329	4400	"G"	"AGA"	1173	18	115	0.026866081857951	0.045484508899143	4.7393796824866e-06	0.000198527809764789
"209"	5667	"MT-TN"	-1	5657	5729	"G"	"TGG"	664	16	185	0.0152080804379194	0.0222445561139028	4.76366027377462e-06	0.000198527809764789
"210"	5471	"MT-ND2"	1	4470	5511	"G"	"CGC"	2115	26	2442	0.0484414007924693	0.00380191911529432	4.77121080917895e-06	0.000198527809764789
"211"	2269	"MT-RNR2"	1	1671	3229	"G"	"GGA"	989	20	4742	0.0226517945076842	0.00126300518611129	4.94837993245426e-06	0.000204923904501352
"212"	4377	"MT-TQ"	-1	4329	4400	"T"	"GTG"	147	7	115	0.00336684913309361	0.00570010469580053	5.00380217349091e-06	0.000206241619773413
"213"	12183	"MT-TH"	1	12138	12206	"G"	"AGA"	1173	18	86	0.026866081857951	0.0624534128420828	5.18539157397782e-06	0.000212722777339992
"214"	15045	"MT-CYB"	1	14747	15887	"G"	"CGA"	1559	25	3544	0.0357069237992717	0.00246870180172477	5.21680603431614e-06	0.000213011453868479
"215"	10534	"MT-ND4L"	1	10470	10766	"A"	"TAT"	152	7	684	0.00348136781108999	0.000947294290682239	5.27587939803231e-06	0.000214332597243734
"216"	4136	"MT-ND1"	1	3307	4262	"A"	"TAC"	503	18	5066	0.011520579006436	0.000986512433390798	5.29821938711909e-06	0.000214332597243734
"217"	4219	"MT-ND1"	1	3307	4262	"G"	"TGT"	769	23	5066	0.0176129726758434	0.00150820688126744	5.42443504836426e-06	0.000218427250933673
"218"	2636	"MT-RNR2"	1	1671	3229	"G"	"GGC"	1950	30	4742	0.0446622844185887	0.00249025289475936	6.34956186316326e-06	0.0002545067502767
"219"	7706	"MT-CO2"	1	7586	8269	"G"	"TGC"	727	14	1402	0.0166510157806738	0.00230540422266336	7.50800159751834e-06	0.000298837969067695
"220"	3699	"MT-ND1"	1	3307	4262	"C"	"GCG"	45	6	5066	0.00103066810196743	8.82565795280038e-05	7.5559209600479e-06	0.000298837969067695
"221"	14259	"MT-ND6"	-1	14149	14673	"G"	"GGA"	989	16	1047	0.0226517945076842	0.00397952696340767	7.5608467705416e-06	0.000298837969067695
"222"	13776	"MT-ND5"	1	12337	14148	"A"	"CAA"	416	13	6640	0.00952795400929892	0.000420346381585595	7.59235856409113e-06	0.000298837969067695
"223"	4818	"MT-ND2"	1	4470	5511	"G"	"AGA"	1173	18	2442	0.026866081857951	0.00210858209089373	7.74813333424186e-06	0.000303601744729172
"224"	2992	"MT-RNR2"	1	1671	3229	"G"	"TGT"	769	17	4742	0.0176129726758434	0.000982053577471768	8.034413233078e-06	0.00031341385192248
"225"	7312	"MT-CO1"	1	5904	7445	"T"	"TTC"	785	14	3380	0.0179794324454319	0.000962445027224321	8.24551954011283e-06	0.000320219332184471
"226"	14858	"MT-CYB"	1	14747	15887	"G"	"TGG"	664	15	3544	0.0152080804379194	0.00105145477636	8.71152047087969e-06	0.000336819760506844
"227"	12125	"MT-ND4"	1	10760	12137	"G"	"CGG"	851	18	4397	0.0194910789949841	0.00118467578027118	9.15473428175662e-06	0.000352396776008764
"228"	10159	"MT-ND3"	1	10059	10404	"C"	"TCC"	253	9	889	0.00579464510661689	0.00147839958861924	9.66452060334957e-06	0.000370388513298546
"229"	2646	"MT-RNR2"	1	1671	3229	"G"	"GGG"	477	13	4742	0.0109250818808548	0.000609154169641135	1.08236347023658e-05	0.000412999650782849
"230"	2680	"MT-RNR2"	1	1671	3229	"T"	"TTG"	341	11	4742	0.0078101738393532	0.000435474993391252	1.10541330997133e-05	0.000419452762630853
"231"	13780	"MT-ND5"	1	12337	14148	"A"	"AAT"	368	12	6640	0.00842857470053366	0.000371844876018026	1.10887603762562e-05	0.000419452762630853
"232"	2778	"MT-RNR2"	1	1671	3229	"T"	"GTC"	558	14	4742	0.0127802844643961	0.00071259544373114	1.25670315186525e-05	0.00047332207504304
"233"	6260	"MT-CO1"	1	5904	7445	"G"	"AGG"	1420	19	3380	0.0325233045509723	0.00174098336134845	1.32219161303616e-05	0.000492168917132816
"234"	7272	"MT-CO1"	1	5904	7445	"G"	"AGG"	1420	19	3380	0.0325233045509723	0.00174098336134845	1.32219161303616e-05	0.000492168917132816
"235"	15596	"MT-CYB"	1	14747	15887	"G"	"CGT"	955	18	3544	0.0218730674973088	0.00151225799913223	1.32364036994978e-05	0.000492168917132816
"236"	10176	"MT-ND3"	1	10059	10404	"G"	"CGG"	851	16	889	0.0194910789949841	0.00497279861626473	1.52922463932874e-05	0.000566201902476885
"237"	6168	"MT-CO1"	1	5904	7445	"G"	"TGC"	727	13	3380	0.0166510157806738	0.000891334439225581	1.66360033326065e-05	0.000610778979497124
"238"	7396	"MT-CO1"	1	5904	7445	"G"	"TGC"	727	13	3380	0.0166510157806738	0.000891334439225581	1.66360033326065e-05	0.000610778979497124
"239"	1973	"MT-RNR2"	1	1671	3229	"G"	"AGA"	1173	21	4742	0.026866081857951	0.00149798289515524	1.75565444793524e-05	0.000639204523585755
"240"	2534	"MT-RNR2"	1	1671	3229	"G"	"AGA"	1173	21	4742	0.026866081857951	0.00149798289515524	1.75565444793524e-05	0.000639204523585755
"241"	9540	"MT-CO3"	1	9207	9990	"T"	"ATT"	833	15	1897	0.0190788117541971	0.0020954393379116	1.8017427859443e-05	0.000653262591849847
"242"	13916	"MT-ND5"	1	12337	14148	"G"	"GGA"	989	20	6640	0.0226517945076842	0.000999333104298446	2.11423299803244e-05	0.000763395369289566
"243"	14793	"MT-CYB"	1	14747	15887	"A"	"CAC"	396	11	3544	0.00906987929731339	0.000627072426865303	2.14615015216301e-05	0.000771730865415652
"244"	15240	"MT-CYB"	1	14747	15887	"G"	"TGA"	1392	22	3544	0.0318819999541925	0.00220425459140531	2.29709929250165e-05	0.000822625148273748
"245"	8730	"MT-ATP6"	1	8527	9207	"A"	"GAT"	85	5	1218	0.00194681752593848	0.000267882749296414	2.33377217955837e-05	0.000832346992040041
"246"	4557	"MT-ND2"	1	4470	5511	"T"	"CTG"	426	10	2442	0.00975699136529168	0.000765776616130204	2.63502917195397e-05	0.000933444775542626
"247"	9985	"MT-CO3"	1	9207	9990	"G"	"GGG"	477	11	1897	0.0109250818808548	0.00119990944079692	2.63859990339927e-05	0.000933444775542626
"248"	10014	"MT-TG"	1	9991	10058	"G"	"CGT"	955	13	65	0.0218730674973088	0.0521829408229059	2.69190422251429e-05	0.000948462060335883
"249"	9947	"MT-CO3"	1	9207	9990	"G"	"TGG"	664	13	1897	0.0152080804379194	0.00167031419012402	2.75277567435938e-05	0.000966014210544268
"250"	7703	"MT-CO2"	1	7586	8269	"T"	"GTA"	426	10	1402	0.00975699136529168	0.00135089710984125	2.90290724575329e-05	0.00101462414053569
"251"	2627	"MT-RNR2"	1	1671	3229	"G"	"TGT"	769	16	4742	0.0176129726758434	0.000982053577471768	2.99773348781632e-05	0.00104359343492187
"252"	12763	"MT-ND5"	1	12337	14148	"G"	"CGG"	851	18	6640	0.0194910789949841	0.000859891275791686	3.01897042212674e-05	0.00104681601383109
"253"	2697	"MT-RNR2"	1	1671	3229	"G"	"AGG"	1420	23	4742	0.0325233045509723	0.00181341492849143	3.34243030844993e-05	0.00115439351917927
"254"	6710	"MT-CO1"	1	5904	7445	"A"	"GAT"	85	5	3380	0.00194681752593848	0.000104213792756774	3.36502630469317e-05	0.00115762204135468
"255"	14233	"MT-ND6"	-1	14149	14673	"A"	"AAT"	368	9	1047	0.00842857470053366	0.00148075421894239	3.48715052671989e-05	0.00119493024715602
"256"	2345	"MT-RNR2"	1	1671	3229	"G"	"CGT"	955	18	4742	0.0218730674973088	0.00121958539204881	3.535831472483e-05	0.00120687872681861
"257"	12602	"MT-ND5"	1	12337	14148	"T"	"TTC"	785	17	6640	0.0179794324454319	0.000793201705636279	3.7192611022991e-05	0.00126454877478169
"258"	9932	"MT-CO3"	1	9207	9990	"G"	"GGC"	1950	24	1897	0.0446622844185887	0.00490529016677987	3.8764429825188e-05	0.00131288212330424
"259"	15987	"MT-TP"	-1	15956	16023	"C"	"GCA"	107	6	150	0.00245069970912256	0.00408990138368626	4.04659276283813e-05	0.00136521728037373
"260"	8114	"MT-CO2"	1	7586	8269	"G"	"CGG"	851	14	1402	0.0194910789949841	0.00269862309970635	4.12288333058494e-05	0.00138560594394813
"261"	6382	"MT-CO1"	1	5904	7445	"G"	"GGG"	477	10	3380	0.0109250818808548	0.0005848232840586	4.18667208872782e-05	0.00140165290081623
"262"	6365	"MT-CO1"	1	5904	7445	"T"	"GTG"	147	6	3380	0.00336684913309361	0.000180228559238185	4.20794050868503e-05	0.00140339634217137
"263"	11017	"MT-ND4"	1	10760	12137	"T"	"GTG"	147	7	4397	0.00336684913309361	0.000204638472032742	4.31831527751761e-05	0.00143473151691821
"264"	15200	"MT-CYB"	1	14747	15887	"G"	"CGC"	2115	28	3544	0.0484414007924693	0.00334913682530332	4.48537081106475e-05	0.00148458977829863
"265"	5979	"MT-CO1"	1	5904	7445	"G"	"AGC"	3020	29	3380	0.0691692815098142	0.00370265475441713	4.51479638302198e-05	0.00148869021867343
"266"	7337	"MT-CO1"	1	5904	7445	"G"	"CGA"	1559	19	3380	0.0357069237992717	0.00191140356362129	4.56825349888017e-05	0.0015006541004968
"267"	2777	"MT-RNR2"	1	1671	3229	"G"	"GGT"	715	15	4742	0.0163761709534825	0.000913092728078432	4.77692853186409e-05	0.00156332589930444
"268"	5495	"MT-ND2"	1	4470	5511	"T"	"TTA"	658	12	2442	0.0150706580243238	0.00118281928031379	4.93406594637986e-05	0.00160872642684579
"269"	11440	"MT-ND4"	1	10760	12137	"G"	"GGT"	715	15	4397	0.0163761709534825	0.000995350391179664	5.37069931344442e-05	0.00174457883274637
"270"	4529	"MT-ND2"	1	4470	5511	"A"	"CAG"	214	7	2442	0.00490139941824512	0.000384685905755548	5.62608934067587e-05	0.00182076920958614
"271"	5801	"MT-TC"	-1	5761	5826	"T"	"ATT"	833	13	102	0.0190788117541971	0.0348040444555862	5.6660080758554e-05	0.00182692171833301
"272"	6259	"MT-CO1"	1	5904	7445	"A"	"GAG"	158	6	3380	0.00361879022468565	0.000193715050065532	6.24262652483905e-05	0.00200544377110454
"273"	9377	"MT-CO3"	1	9207	9990	"A"	"GAT"	85	5	1897	0.00194681752593848	0.000213820340603225	6.50738471909711e-05	0.00208283984159233
"274"	3705	"MT-ND1"	1	3307	4262	"G"	"TGC"	727	20	5066	0.0166510157806738	0.00142583407370797	6.65295644855387e-05	0.00212166180465196
"275"	5917	"MT-CO1"	1	5904	7445	"G"	"CGT"	955	14	3380	0.0218730674973088	0.00117087261273787	6.73943795822691e-05	0.0021414257774177
"276"	8605	"MT-ATP6"	1	8527	9207	"C"	"TCC"	253	7	1218	0.00579464510661689	0.000797345124376385	6.8651678687032e-05	0.00217347234915683
"277"	9254	"MT-CO3"	1	9207	9990	"A"	"GAC"	629	12	1897	0.0144064496919448	0.00158227052046386	7.03391165910493e-05	0.00221885632047866
"278"	1598	"MT-RNR1"	1	648	1601	"G"	"CGA"	1559	23	2970	0.0357069237992717	0.00304901899427356	7.08002207034281e-05	0.00222536808815308
"279"	15153	"MT-CYB"	1	14747	15887	"G"	"GGC"	1950	26	3544	0.0446622844185887	0.00308785664744278	7.33474879979648e-05	0.00229716971371404
"280"	8158	"MT-CO2"	1	7586	8269	"A"	"TAT"	152	6	1402	0.00348136781108999	0.000482010236375283	7.37675275615486e-05	0.00230207377083147
"281"	14674	"MT-TE"	-1	14674	14742	"T"	"TTA"	658	12	123	0.0150706580243238	0.0254034437495174	7.63605073819332e-05	0.00237451285944246
"282"	7161	"MT-CO1"	1	5904	7445	"G"	"CGG"	851	13	3380	0.0194910789949841	0.0010433639721884	8.08046700330395e-05	0.00250379860549184
"283"	11866	"MT-ND4"	1	10760	12137	"A"	"TAC"	503	12	4397	0.011520579006436	0.000700225519948771	9.00101507831631e-05	0.00277918267683138
"284"	10472	"MT-ND4L"	1	10470	10766	"G"	"TGC"	727	12	684	0.0166510157806738	0.00453080887714466	9.13602899086762e-05	0.00281093737050005
"285"	13406	"MT-ND5"	1	12337	14148	"G"	"CGA"	1559	25	6640	0.0357069237992717	0.00157528848291332	9.22982655560934e-05	0.00282270204346051
"286"	15024	"MT-CYB"	1	14747	15887	"G"	"TGC"	727	14	3544	0.0166510157806738	0.00115121629881585	9.23887370599343e-05	0.00282270204346051
"287"	9384	"MT-CO3"	1	9207	9990	"G"	"CGA"	1559	20	1897	0.0357069237992717	0.00392171660000503	9.57292783382856e-05	0.00291457294118446
"288"	13194	"MT-ND5"	1	12337	14148	"G"	"TGT"	769	16	6640	0.0176129726758434	0.000777034537113756	9.76545522848351e-05	0.00296286624258642
"289"	5791	"MT-TC"	-1	5761	5826	"G"	"CGA"	1559	18	102	0.0357069237992717	0.0651374613520515	0.000100728845533817	0.00304556627084598
"290"	8921	"MT-ATP6"	1	8527	9207	"G"	"GGC"	1950	20	1218	0.0446622844185887	0.00614554542503538	0.000101442770932628	0.0030565756289976
"291"	9565	"MT-CO3"	1	9207	9990	"G"	"GGC"	1950	23	1897	0.0446622844185887	0.00490529016677987	0.000103049340977538	0.0030943132008994
"292"	10345	"MT-ND3"	1	10059	10404	"T"	"ATC"	1926	24	889	0.044112594764206	0.0112545359987378	0.00010860150547338	0.0032498628589945
"293"	1412	"MT-RNR1"	1	648	1601	"G"	"GGT"	715	14	2970	0.0163761709534825	0.00139836342585349	0.00011059722449435	0.00329828855846972
"294"	12770	"MT-ND5"	1	12337	14148	"A"	"GAG"	158	7	6640	0.00361879022468565	0.000159650789159914	0.000118645223739231	0.00352243255091032
"295"	10400	"MT-ND3"	1	10059	10404	"C"	"CCG"	89	5	889	0.00203843246833559	0.000520069420502422	0.000118919386875549	0.00352243255091032
"296"	7023	"MT-CO1"	1	5904	7445	"G"	"TGT"	769	12	3380	0.0176129726758434	0.000942828313293634	0.000123148470125278	0.0036353761214685
"297"	13710	"MT-ND5"	1	12337	14148	"A"	"CAG"	214	8	6640	0.00490139941824512	0.000216235878988744	0.000126031247952568	0.00370794964514997
"298"	14279	"MT-ND6"	-1	14149	14673	"G"	"TGA"	1392	17	1047	0.0318819999541925	0.00560111378469512	0.000126965204894811	0.00372289248446597
"299"	9265	"MT-CO3"	1	9207	9990	"G"	"GGG"	477	10	1897	0.0109250818808548	0.00119990944079692	0.000130652045616115	0.00381818586820607
"300"	3098	"MT-RNR2"	1	1671	3229	"T"	"TTC"	785	15	4742	0.0179794324454319	0.00100248642173646	0.000131536964185658	0.00383123331018092
"301"	9983	"MT-CO3"	1	9207	9990	"A"	"GAG"	158	6	1897	0.00361879022468565	0.000397454280180112	0.000133500954397622	0.00387551940042
"302"	8697	"MT-ATP6"	1	8527	9207	"G"	"TGA"	1392	16	1218	0.0318819999541925	0.00438697396494833	0.000139285968705187	0.00403006885611233
"303"	13019	"MT-ND5"	1	12337	14148	"G"	"GGT"	715	15	6640	0.0163761709534825	0.000722470343350242	0.000145315353645342	0.00419064541304619
"304"	15961	"MT-TP"	-1	15956	16023	"G"	"AGA"	1173	18	150	0.026866081857951	0.0448360217108784	0.000147168507443212	0.00423012637512759
"305"	6620	"MT-CO1"	1	5904	7445	"T"	"GTC"	558	10	3380	0.0127802844643961	0.000684132898332702	0.000149033443560139	0.00426968599943768
"306"	12113	"MT-ND4"	1	10760	12137	"G"	"CGA"	1559	23	4397	0.0357069237992717	0.00217028148230643	0.000151487541701801	0.00432581091304032
"307"	16023	"MT-TP"	-1	15956	16023	"G"	"TGT"	769	14	150	0.0176129726758434	0.0293937772341564	0.000152078603901845	0.00432854345568182
"308"	10644	"MT-ND4L"	1	10470	10766	"G"	"TGT"	769	12	684	0.0176129726758434	0.00479256124693843	0.000152799406875201	0.00433493901712826
"309"	13759	"MT-ND5"	1	12337	14148	"G"	"CGC"	2115	30	6640	0.0484414007924693	0.00213709758907099	0.000166960781058115	0.00472136991872429
"310"	8989	"MT-ATP6"	1	8527	9207	"G"	"AGC"	3020	26	1218	0.0691692815098142	0.00951771650441376	0.000168976183064029	0.00475459517013228
"311"	1884	"MT-RNR2"	1	1671	3229	"G"	"GGA"	989	17	4742	0.0226517945076842	0.00126300518611129	0.0001692239754991	0.00475459517013228
"312"	10290	"MT-ND3"	1	10059	10404	"G"	"AGC"	3020	32	889	0.0691692815098142	0.0176472994372732	0.000169978238615347	0.0047604802853234
"313"	10688	"MT-ND4L"	1	10470	10766	"G"	"TGG"	664	11	684	0.0152080804379194	0.00413818032245399	0.000171640411679837	0.00477641374923063
"314"	10725	"MT-ND4L"	1	10470	10766	"G"	"TGG"	664	11	684	0.0152080804379194	0.00413818032245399	0.000171640411679837	0.00477641374923063
"315"	8872	"MT-ATP6"	1	8527	9207	"G"	"AGG"	1420	16	1218	0.0325233045509723	0.00447521769412833	0.000173683597230669	0.00481792784952885
"316"	10591	"MT-ND4L"	1	10470	10766	"T"	"TTC"	785	12	684	0.0179794324454319	0.0048922764354313	0.000184097881886504	0.00509065598710214
"317"	2818	"MT-RNR2"	1	1671	3229	"C"	"GCG"	45	4	4742	0.00103066810196743	5.74673744944467e-05	0.000184758583385716	0.00509280915338923
"318"	10370	"MT-ND3"	1	10059	10404	"T"	"ATG"	374	9	889	0.00856599711412931	0.00218546026143714	0.000187645963820882	0.00515613343354361
"319"	7299	"MT-CO1"	1	5904	7445	"A"	"AAT"	368	8	3380	0.00842857470053366	0.000451184420405796	0.000188345207816872	0.00515912359217502
"320"	3834	"MT-ND1"	1	3307	4262	"G"	"TGC"	727	19	5066	0.0166510157806738	0.00142583407370797	0.000189184216825498	0.00516591152069126
"321"	877	"MT-RNR1"	1	648	1601	"G"	"TGG"	664	13	2970	0.0152080804379194	0.00129862002065275	0.000191561229687678	0.00520275424746903
"322"	13268	"MT-ND5"	1	12337	14148	"G"	"GGA"	989	18	6640	0.0226517945076842	0.000999333104298446	0.000191724292479404	0.00520275424746903
"323"	12650	"MT-ND5"	1	12337	14148	"T"	"CTG"	426	11	6640	0.00975699136529168	0.000430450861912172	0.000193983663011456	0.00524776856778359
"324"	5036	"MT-ND2"	1	4470	5511	"A"	"GAA"	63	4	2442	0.0014429353427544	0.000113248654498129	0.000195142997637005	0.00526283800417331
"325"	2935	"MT-RNR2"	1	1671	3229	"A"	"GAT"	85	5	4742	0.00194681752593848	0.000108549485156177	0.000196299072157765	0.00527772705389091
"326"	2701	"MT-RNR2"	1	1671	3229	"G"	"GGG"	477	11	4742	0.0109250818808548	0.000609154169641135	0.000211700653913662	0.00567435679109686
"327"	15375	"MT-CYB"	1	14747	15887	"G"	"GGA"	989	16	3544	0.0226517945076842	0.0015660975509338	0.00021787967476124	0.00582211803689209
"328"	5668	"MT-TN"	-1	5657	5729	"G"	"GGG"	477	11	185	0.0109250818808548	0.0159798994974874	0.000219606009528179	0.00585035765627205
"329"	9948	"MT-CO3"	1	9207	9990	"G"	"GGT"	715	12	1897	0.0163761709534825	0.00179860639448595	0.000226363645183954	0.00599383494429513
"330"	9986	"MT-CO3"	1	9207	9990	"G"	"GGT"	715	12	1897	0.0163761709534825	0.00179860639448595	0.000226363645183954	0.00599383494429513
"331"	4813	"MT-ND2"	1	4470	5511	"T"	"GTC"	558	10	2442	0.0127802844643961	0.00100305951126914	0.000234044950316516	0.0061785038545792
"332"	9942	"MT-CO3"	1	9207	9990	"G"	"AGA"	1173	16	1897	0.026866081857951	0.0029507207003245	0.000235980793190553	0.00619773558695842
"333"	15170	"MT-CYB"	1	14747	15887	"G"	"AGG"	1420	20	3544	0.0325233045509723	0.00224859304583013	0.000236192029120755	0.00619773558695842
"334"	14167	"MT-ND6"	-1	14149	14673	"C"	"TCT"	377	8	1047	0.00863470832092714	0.00151696831668826	0.000243849928030018	0.006379522967444
"335"	14831	"MT-CYB"	1	14747	15887	"G"	"CGC"	2115	26	3544	0.0484414007924693	0.00334913682530332	0.000254604116215565	0.00664098736564659
"336"	12255	"MT-TS2"	1	12207	12265	"T"	"ATG"	374	7	69	0.00856599711412931	0.018115766529426	0.000258653197210147	0.00670767299650896
"337"	1420	"MT-RNR1"	1	648	1601	"T"	"GTG"	147	6	2970	0.00336684913309361	0.000287495697343305	0.00025946366134356	0.00670767299650896
"338"	1575	"MT-RNR1"	1	648	1601	"T"	"GTG"	147	6	2970	0.00336684913309361	0.000287495697343305	0.00025946366134356	0.00670767299650896
"339"	10161	"MT-ND3"	1	10059	10404	"A"	"CAC"	396	9	889	0.00906987929731339	0.00231401674740404	0.000284027376595821	0.00732103603744626
"340"	2008	"MT-RNR2"	1	1671	3229	"G"	"TGG"	664	13	4742	0.0152080804379194	0.000847963036984725	0.000285244592371749	0.00733078602395394
"341"	14800	"MT-CYB"	1	14747	15887	"C"	"TCA"	449	10	3544	0.010283777284075	0.000710998787026568	0.000292777282132501	0.00750231053159469
"342"	6912	"MT-CO1"	1	5904	7445	"G"	"TGC"	727	11	3380	0.0166510157806738	0.000891334439225581	0.000300196691188462	0.00766993768305491
"343"	6618	"MT-CO1"	1	5904	7445	"G"	"CGG"	851	12	3380	0.0194910789949841	0.0010433639721884	0.000305955919448601	0.00779429394793549
"344"	811	"MT-RNR1"	1	648	1601	"G"	"GGA"	989	16	2970	0.0226517945076842	0.00193423975967707	0.000315509807602034	0.00801431598496097
"345"	2010	"MT-RNR2"	1	1671	3229	"T"	"GTG"	147	6	4742	0.00336684913309361	0.000187726756681859	0.000323585016832319	0.00819561123791538
"346"	15346	"MT-CYB"	1	14747	15887	"G"	"TGC"	727	13	3544	0.0166510157806738	0.00115121629881585	0.000325846521394278	0.00822903729463352
"347"	2844	"MT-RNR2"	1	1671	3229	"G"	"CGA"	1559	22	4742	0.0357069237992717	0.00199092526304094	0.000326794710285649	0.00822919936160231
"348"	4428	"MT-TM"	1	4402	4469	"G"	"GGG"	477	14	282	0.0109250818808548	0.0166480524919726	0.000329146691225891	0.00826460858601102
"349"	7075	"MT-CO1"	1	5904	7445	"G"	"GGA"	989	13	3380	0.0226517945076842	0.00121255812984058	0.000339714397233095	0.00848121258006509
"350"	7393	"MT-CO1"	1	5904	7445	"G"	"GGA"	989	13	3380	0.0226517945076842	0.00121255812984058	0.000339714397233095	0.00848121258006509
"351"	8154	"MT-CO2"	1	7586	8269	"G"	"GGG"	477	9	1402	0.0109250818808548	0.00151262422862507	0.000356398020398113	0.0088471758586327
"352"	8155	"MT-CO2"	1	7586	8269	"G"	"GGG"	477	9	1402	0.0109250818808548	0.00151262422862507	0.000356398020398113	0.0088471758586327
"353"	11812	"MT-ND4"	1	10760	12137	"A"	"TAC"	503	11	4397	0.011520579006436	0.000700225519948771	0.000360081354776495	0.00891328860633716
"354"	9655	"MT-CO3"	1	9207	9990	"G"	"AGT"	1347	17	1897	0.0308513318522251	0.0033884235152064	0.000369753876715903	0.00912686264051854
"355"	14423	"MT-ND6"	-1	14149	14673	"G"	"TGA"	1392	16	1047	0.0318819999541925	0.00560111378469512	0.000381591356778973	0.00937620471005469
"356"	10970	"MT-ND4"	1	10760	12137	"T"	"CTG"	426	10	4397	0.00975699136529168	0.000593033939360191	0.000382001473652949	0.00937620471005469
"357"	653	"MT-RNR1"	1	648	1601	"G"	"GGT"	715	13	2970	0.0163761709534825	0.00139836342585349	0.000383586233126803	0.00938872970605602
"358"	8854	"MT-ATP6"	1	8527	9207	"G"	"AGC"	3020	25	1218	0.0691692815098142	0.00951771650441376	0.000393513873031775	0.00960481626411076
"359"	5913	"MT-CO1"	1	5904	7445	"G"	"CGA"	1559	17	3380	0.0357069237992717	0.00191140356362129	0.00039603077216453	0.00963932280549766
"360"	9698	"MT-CO3"	1	9207	9990	"T"	"TTA"	658	11	1897	0.0150706580243238	0.00165522098961085	0.000419632448919987	0.0101854120518412
"361"	14859	"MT-CYB"	1	14747	15887	"G"	"GGC"	1950	24	3544	0.0446622844185887	0.00308785664744278	0.000422043189754617	0.0101873298123642
"362"	15884	"MT-CYB"	1	14747	15887	"G"	"GGC"	1950	24	3544	0.0446622844185887	0.00308785664744278	0.000422043189754617	0.0101873298123642
"363"	14846	"MT-CYB"	1	14747	15887	"G"	"CGG"	851	14	3544	0.0194910789949841	0.00134757231126862	0.000445124024920625	0.0107148587596596
"364"	4285	"MT-TI"	1	4263	4331	"T"	"GTT"	314	9	216	0.00719177297817274	0.0102600967193831	0.000449053116589923	0.0107797421229746
"365"	8037	"MT-CO2"	1	7586	8269	"G"	"CGT"	955	13	1402	0.0218730674973088	0.00302841957722629	0.000463797756754259	0.0111031912288184
"366"	1887	"MT-RNR2"	1	1671	3229	"A"	"GAG"	158	6	4742	0.00361879022468565	0.000201774337113835	0.000471733164738449	0.0112623070860234
"367"	6675	"MT-CO1"	1	5904	7445	"G"	"TGT"	769	11	3380	0.0176129726758434	0.000942828313293634	0.000476717123519827	0.0113502839926873
"368"	4512	"MT-ND2"	1	4470	5511	"G"	"TGC"	727	11	2442	0.0166510157806738	0.0013068535209546	0.000480806133151657	0.0113855934728433
"369"	4580	"MT-ND2"	1	4470	5511	"G"	"TGC"	727	11	2442	0.0166510157806738	0.0013068535209546	0.000480806133151657	0.0113855934728433
"370"	10371	"MT-ND3"	1	10059	10404	"G"	"TGA"	1392	18	889	0.0318819999541925	0.00813411947572328	0.00049262382843731	0.0116087279669508
"371"	6719	"MT-CO1"	1	5904	7445	"T"	"GTA"	426	8	3380	0.00975699136529168	0.000522295008404536	0.000492886023774176	0.0116087279669508
"372"	14972	"MT-CYB"	1	14747	15887	"G"	"TGG"	664	12	3544	0.0152080804379194	0.00105145477636	0.000495584563352135	0.0116409083725026
"373"	4713	"MT-ND2"	1	4470	5511	"G"	"CGG"	851	12	2442	0.0194910789949841	0.00152975563456996	0.000504369579370948	0.0118154996904647
"374"	8387	"MT-ATP8"	1	8366	8572	"G"	"CGT"	955	13	414	0.0218730674973088	0.010452122711204	0.000519252112129706	0.0121316175288486
"375"	9307	"MT-CO3"	1	9207	9990	"G"	"TGA"	1392	17	1897	0.0318819999541925	0.00350162251905517	0.000531203646516793	0.01237775323537
"376"	14462	"MT-ND6"	-1	14149	14673	"G"	"TGT"	769	11	1047	0.0176129726758434	0.00309429346295298	0.000535307333745257	0.0124402007507076
"377"	14466	"MT-ND6"	-1	14149	14673	"T"	"GTA"	426	8	1047	0.00975699136529168	0.00171413395997135	0.000542181591627891	0.0125665324871207
"378"	2019	"MT-RNR2"	1	1671	3229	"G"	"GGT"	715	13	4742	0.0163761709534825	0.000913092728078432	0.000564733384043099	0.01300059652672
"379"	3032	"MT-RNR2"	1	1671	3229	"G"	"GGT"	715	13	4742	0.0163761709534825	0.000913092728078432	0.000564733384043099	0.01300059652672
"380"	5418	"MT-ND2"	1	4470	5511	"T"	"GTT"	314	7	2442	0.00719177297817274	0.000564445674800197	0.000565372703153307	0.01300059652672
"381"	7325	"MT-CO1"	1	5904	7445	"A"	"AAG"	89	4	3380	0.00203843246833559	0.000109117971239445	0.000574218527103416	0.0131606436598811
"382"	14985	"MT-CYB"	1	14747	15887	"G"	"CGC"	2115	25	3544	0.0484414007924693	0.00334913682530332	0.000575345145121835	0.0131606436598811
"383"	2173	"MT-RNR2"	1	1671	3229	"G"	"AGG"	1420	20	4742	0.0325233045509723	0.00181341492849143	0.00060712720209422	0.0138301966940799
"384"	654	"MT-RNR1"	1	648	1601	"T"	"GTT"	314	8	2970	0.00719177297817274	0.000614106455549645	0.000607781589668881	0.0138301966940799
"385"	14291	"MT-ND6"	-1	14149	14673	"T"	"TTC"	785	11	1047	0.0179794324454319	0.00315867408116786	0.000632458949628891	0.0143543540307981
"386"	5250	"MT-ND2"	1	4470	5511	"T"	"TTT"	419	8	2442	0.00959666521609675	0.000753193432297078	0.000640685469041728	0.0144938126861828
"387"	13779	"MT-ND5"	1	12337	14148	"A"	"CAA"	416	10	6640	0.00952795400929892	0.000420346381585595	0.000642198989199132	0.0144938126861828
"388"	9380	"MT-CO3"	1	9207	9990	"G"	"GGC"	1950	21	1897	0.0446622844185887	0.00490529016677987	0.00064357968897218	0.0144938126861828
"389"	14889	"MT-CYB"	1	14747	15887	"G"	"GGA"	989	15	3544	0.0226517945076842	0.0015660975509338	0.000647595648742281	0.0145467629272752
"390"	2343	"MT-RNR2"	1	1671	3229	"G"	"TGC"	727	13	4742	0.0166510157806738	0.000928417361276951	0.000656665450224681	0.0147126736001622
"391"	9984	"MT-CO3"	1	9207	9990	"G"	"AGG"	1420	17	1897	0.0325233045509723	0.00357205745478329	0.000659610226730256	0.0147408546321457
"392"	657	"MT-RNR1"	1	648	1601	"G"	"TGG"	664	12	2970	0.0152080804379194	0.00129862002065275	0.000665273581407754	0.0148294912100534
"393"	4820	"MT-ND2"	1	4470	5511	"G"	"AGG"	1420	16	2442	0.0325233045509723	0.00255258872043401	0.000743285262745108	0.0164912167111754
"394"	15500	"MT-CYB"	1	14747	15887	"G"	"CGA"	1559	20	3544	0.0357069237992717	0.00246870180172477	0.000743595718036521	0.0164912167111754
"395"	1750	"MT-RNR2"	1	1671	3229	"G"	"CGA"	1559	21	4742	0.0357069237992717	0.00199092526304094	0.000785644750012532	0.0173357672363876
"396"	1906	"MT-RNR2"	1	1671	3229	"G"	"CGA"	1559	21	4742	0.0357069237992717	0.00199092526304094	0.000785644750012532	0.0173357672363876
"397"	6075	"MT-CO1"	1	5904	7445	"G"	"CGT"	955	12	3380	0.0218730674973088	0.00117087261273787	0.000829165021484612	0.0181534071971108
"398"	6182	"MT-CO1"	1	5904	7445	"G"	"CGT"	955	12	3380	0.0218730674973088	0.00117087261273787	0.000829165021484612	0.0181534071971108
"399"	1969	"MT-RNR2"	1	1671	3229	"G"	"GGG"	477	10	4742	0.0109250818808548	0.000609154169641135	0.00082937236404374	0.0181534071971108
"400"	8078	"MT-CO2"	1	7586	8269	"G"	"TGT"	769	11	1402	0.0176129726758434	0.00243859126166179	0.000831009713761081	0.0181534071971108
"401"	12128	"MT-ND4"	1	10760	12137	"T"	"GTT"	314	8	4397	0.00719177297817274	0.000437118913049531	0.00085047933669932	0.0185323901348595
"402"	12877	"MT-ND5"	1	12337	14148	"G"	"CGG"	851	15	6640	0.0194910789949841	0.000859891275791686	0.000861382604482669	0.0187232865621133
"403"	4974	"MT-ND2"	1	4470	5511	"G"	"TGG"	664	10	2442	0.0152080804379194	0.00119360486645647	0.000882931976817507	0.0191440685196808
"404"	9612	"MT-CO3"	1	9207	9990	"G"	"CGT"	955	13	1897	0.0218730674973088	0.0024023344150127	0.000885496409583089	0.0191521475914283
"405"	5829	"MT-TY"	-1	5826	5891	"T"	"GTA"	426	7	83	0.00975699136529168	0.0184984150419037	0.000902155224463784	0.0194642774107767
"406"	3094	"MT-RNR2"	1	1671	3229	"G"	"CGG"	851	14	4742	0.0194910789949841	0.00108677190432831	0.000920133718974537	0.0198032720108362
"407"	14710	"MT-TE"	-1	14674	14742	"G"	"TGA"	1392	16	123	0.0318819999541925	0.0537410238591615	0.00095004915142419	0.0203968783418786
"408"	15246	"MT-CYB"	1	14747	15887	"G"	"GGC"	1950	23	3544	0.0446622844185887	0.00308785664744278	0.000956363618611146	0.0204245953462254
"409"	15498	"MT-CYB"	1	14747	15887	"G"	"GGC"	1950	23	3544	0.0446622844185887	0.00308785664744278	0.000956363618611146	0.0204245953462254
"410"	10432	"MT-TR"	1	10405	10469	"A"	"GAT"	85	4	103	0.00194681752593848	0.00416503332026656	0.000958352493929094	0.0204245953462254
"411"	10436	"MT-TR"	1	10405	10469	"C"	"TCG"	148	5	103	0.00338975286869288	0.00725205801646413	0.000974527553557532	0.0207187877444908
"412"	6364	"MT-CO1"	1	5904	7445	"G"	"GGT"	715	10	3380	0.0163761709534825	0.000876621903777566	0.000999534400525065	0.0211988630868641
"413"	4449	"MT-TM"	1	4402	4469	"G"	"TGG"	664	16	282	0.0152080804379194	0.0231746474940667	0.00104805422966276	0.022174086825165
"414"	14865	"MT-CYB"	1	14747	15887	"G"	"TGC"	727	12	3544	0.0166510157806738	0.00115121629881585	0.00107139147049405	0.0226130885728913
"415"	2022	"MT-RNR2"	1	1671	3229	"G"	"TGT"	769	13	4742	0.0176129726758434	0.000982053577471768	0.00108375203796615	0.0227640031436256
"416"	2655	"MT-RNR2"	1	1671	3229	"G"	"TGT"	769	13	4742	0.0176129726758434	0.000982053577471768	0.00108375203796615	0.0227640031436256
"417"	7380	"MT-CO1"	1	5904	7445	"G"	"GGA"	989	12	3380	0.0226517945076842	0.00121255812984058	0.00111224329671799	0.0233064314789492
"418"	13617	"MT-ND5"	1	12337	14148	"T"	"TTC"	785	14	6640	0.0179794324454319	0.000793201705636279	0.00112868305725915	0.023594336254379
"419"	1669	"MT-TV"	1	1602	1670	"G"	"TGA"	1392	23	231	0.0318819999541925	0.0492569002123142	0.00117636702839162	0.0245324465252648
"420"	4812	"MT-ND2"	1	4470	5511	"G"	"AGT"	1347	15	2442	0.0308513318522251	0.00242136408903142	0.00119804769219432	0.0248900525261908
"421"	10686	"MT-ND4L"	1	10470	10766	"G"	"GGT"	715	10	684	0.0163761709534825	0.004456022485775	0.00119921173192107	0.0248900525261908
"422"	12818	"MT-ND5"	1	12337	14148	"G"	"CGA"	1559	22	6640	0.0357069237992717	0.00157528848291332	0.00121534437897063	0.0251651165484487
"423"	4308	"MT-TI"	1	4263	4331	"G"	"AGG"	1420	21	216	0.0325233045509723	0.0463991635080382	0.00122175839866954	0.0252381203015944
"424"	902	"MT-RNR1"	1	648	1601	"G"	"GGT"	715	12	2970	0.0163761709534825	0.00139836342585349	0.00124035289881433	0.0255618010137726
"425"	10471	"MT-ND4L"	1	10470	10766	"T"	"ATG"	374	7	684	0.00856599711412931	0.00233084253102077	0.00128546567867247	0.026429174353506
"426"	10873	"MT-ND4"	1	10760	12137	"T"	"CTC"	1607	21	4397	0.0368063031080369	0.00223710220786814	0.00128920021081991	0.0264437357796816
"427"	15428	"MT-CYB"	1	14747	15887	"G"	"AGA"	1173	16	3544	0.026866081857951	0.00185746453715404	0.00130135794684585	0.0266305989216372
"428"	15812	"MT-CYB"	1	14747	15887	"G"	"CGT"	955	14	3544	0.0218730674973088	0.00151225799913223	0.00131873879493909	0.0269232233415369
"429"	8959	"MT-ATP6"	1	8527	9207	"G"	"CGA"	1559	15	1218	0.0357069237992717	0.00491328477827187	0.00132331815350555	0.0269537389867867
"430"	15437	"MT-CYB"	1	14747	15887	"G"	"CGG"	851	13	3544	0.0194910789949841	0.00134757231126862	0.00134847785664507	0.0274023244450341
"431"	10668	"MT-ND4L"	1	10470	10766	"G"	"TGC"	727	10	684	0.0166510157806738	0.00453080887714466	0.0013544453059133	0.0274597287310218
"432"	2007	"MT-RNR2"	1	1671	3229	"T"	"CTG"	426	9	4742	0.00975699136529168	0.000544024478547429	0.00140529662979011	0.0284247267386713
"433"	8744	"MT-ATP6"	1	8527	9207	"T"	"GTA"	426	7	1218	0.00975699136529168	0.0013425653082385	0.00149465741101944	0.030092895063336
"434"	8789	"MT-ATP6"	1	8527	9207	"T"	"CTG"	426	7	1218	0.00975699136529168	0.0013425653082385	0.00149465741101944	0.030092895063336
"435"	10961	"MT-ND4"	1	10760	12137	"C"	"ACT"	267	7	4397	0.00611529740500676	0.000371690285937021	0.00150083160916278	0.0301477393123318
"436"	1083	"MT-RNR1"	1	648	1601	"C"	"ACC"	282	7	2970	0.0064588534389959	0.000551522358168789	0.00151794618286471	0.0304215911602566
"437"	5259	"MT-ND2"	1	4470	5511	"T"	"ATG"	374	7	2442	0.00856599711412931	0.000672301536226986	0.00153609941209234	0.0306777264960064
"438"	14969	"MT-CYB"	1	14747	15887	"T"	"TTA"	658	11	3544	0.0150706580243238	0.00104195367898326	0.00153774824962815	0.0306777264960064
"439"	8153	"MT-CO2"	1	7586	8269	"G"	"GGG"	477	8	1402	0.0109250818808548	0.00151262422862507	0.00156192560730449	0.0310890796278511
"440"	15149	"MT-CYB"	1	14747	15887	"T"	"GTG"	147	5	3544	0.00336684913309361	0.000232776885730302	0.00160935316683709	0.0319602908450512
"441"	9379	"MT-CO3"	1	9207	9990	"G"	"TGG"	664	10	1897	0.0152080804379194	0.00167031419012402	0.00162309449020357	0.0320873295371014
"442"	9553	"MT-CO3"	1	9207	9990	"G"	"TGG"	664	10	1897	0.0152080804379194	0.00167031419012402	0.00162309449020357	0.0320873295371014
"443"	4810	"MT-ND2"	1	4470	5511	"G"	"TGA"	1392	15	2442	0.0318819999541925	0.00250225598510151	0.00164011223168975	0.0323505658702145
"444"	15058	"MT-CYB"	1	14747	15887	"C"	"ACG"	88	4	3544	0.00201552873273631	0.00013934942819229	0.00167301412965397	0.032851230258239
"445"	15430	"MT-CYB"	1	14747	15887	"C"	"ACG"	88	4	3544	0.00201552873273631	0.00013934942819229	0.00167301412965397	0.032851230258239
"446"	6366	"MT-CO1"	1	5904	7445	"G"	"TGT"	769	10	3380	0.0176129726758434	0.000942828313293634	0.00169962647068782	0.0332989598674219
"447"	12631	"MT-ND5"	1	12337	14148	"T"	"GTC"	558	11	6640	0.0127802844643961	0.000563830002222986	0.00171502211902227	0.0335254211991423
"448"	15391	"MT-CYB"	1	14747	15887	"C"	"CCG"	89	4	3544	0.00203843246833559	0.000140932944421747	0.00174266828580684	0.0339898113423665
"449"	6384	"MT-CO1"	1	5904	7445	"G"	"GGC"	1950	18	3380	0.0446622844185887	0.00239078701030245	0.00174930437326544	0.0340432552641279
"450"	14804	"MT-CYB"	1	14747	15887	"G"	"CGA"	1559	19	3544	0.0357069237992717	0.00246870180172477	0.0017603586355107	0.0341822527935388
"451"	6570	"MT-CO1"	1	5904	7445	"G"	"CGC"	2115	19	3380	0.0484414007924693	0.00259308437271266	0.00179372021316684	0.0347528319792724
"452"	15356	"MT-CYB"	1	14747	15887	"G"	"GGG"	477	9	3544	0.0109250818808548	0.000755337241451388	0.00179835967891434	0.0347656346777733
"453"	8248	"MT-CO2"	1	7586	8269	"A"	"TAG"	114	4	1402	0.00261102585831749	0.000361507677281462	0.00183357085982158	0.0353680842673752
"454"	15916	"MT-TT"	1	15888	15953	"T"	"GTC"	558	11	96	0.0127802844643961	0.0407239819004525	0.00185441925112633	0.0356914436483302
"455"	821	"MT-RNR1"	1	648	1601	"T"	"GTG"	147	5	2970	0.00336684913309361	0.000287495697343305	0.00186654607835321	0.0357672798961631
"456"	944	"MT-RNR1"	1	648	1601	"T"	"GTG"	147	5	2970	0.00336684913309361	0.000287495697343305	0.00186654607835321	0.0357672798961631
"457"	6255	"MT-CO1"	1	5904	7445	"G"	"AGT"	1347	14	3380	0.0308513318522251	0.00165148210403969	0.00190611909289382	0.0364456644063594
"458"	10731	"MT-ND4L"	1	10470	10766	"G"	"AGA"	1173	13	684	0.026866081857951	0.00731036975638333	0.00193293859915474	0.0368777674223016
"459"	3054	"MT-RNR2"	1	1671	3229	"G"	"AGT"	1347	18	4742	0.0308513318522251	0.00172019007653377	0.00193973291892726	0.0369267674195783
"460"	5031	"MT-ND2"	1	4470	5511	"G"	"AGG"	1420	15	2442	0.0325233045509723	0.00255258872043401	0.00197848037491589	0.0375825250348153
"461"	3184	"MT-RNR2"	1	1671	3229	"C"	"TCA"	449	9	4742	0.010283777284075	0.000573396692177924	0.00199759301137639	0.0378632705713816
"462"	8782	"MT-ATP6"	1	8527	9207	"G"	"CGG"	851	10	1218	0.0194910789949841	0.00268197905472057	0.00200761255352956	0.0378888088396141
"463"	8856	"MT-ATP6"	1	8527	9207	"G"	"CGG"	851	10	1218	0.0194910789949841	0.00268197905472057	0.00200761255352956	0.0378888088396141
"464"	10143	"MT-ND3"	1	10059	10404	"G"	"CGG"	851	12	889	0.0194910789949841	0.00497279861626473	0.00202374731187837	0.0381110000241232
"465"	10589	"MT-ND4L"	1	10470	10766	"G"	"TGT"	769	10	684	0.0176129726758434	0.00479256124693843	0.00203141269930606	0.0381730842291104
"466"	15043	"MT-CYB"	1	14747	15887	"G"	"GGC"	1950	22	3544	0.0446622844185887	0.00308785664744278	0.00208288650536134	0.0389727243765468
"467"	15048	"MT-CYB"	1	14747	15887	"G"	"GGC"	1950	22	3544	0.0446622844185887	0.00308785664744278	0.00208288650536134	0.0389727243765468
"468"	14323	"MT-ND6"	-1	14149	14673	"G"	"AGT"	1347	14	1047	0.0308513318522251	0.00542004329596575	0.00216107444860444	0.0403492917348411
"469"	1551	"MT-RNR1"	1	648	1601	"G"	"AGG"	1420	18	2970	0.0325233045509723	0.00277716932127546	0.00216684933802262	0.0403708518457177
"470"	1967	"MT-RNR2"	1	1671	3229	"T"	"GTG"	147	5	4742	0.00336684913309361	0.000187726756681859	0.00223389378886616	0.0413747465886876
"471"	2552	"MT-RNR2"	1	1671	3229	"T"	"GTG"	147	5	4742	0.00336684913309361	0.000187726756681859	0.00223389378886616	0.0413747465886876
"472"	6756	"MT-CO1"	1	5904	7445	"T"	"GTT"	314	6	3380	0.00719177297817274	0.000384978010889728	0.00223493710115135	0.0413747465886876
"473"	1073	"MT-RNR1"	1	648	1601	"G"	"GGG"	477	9	2970	0.0109250818808548	0.000932894201583378	0.00225715799704294	0.0416977728925184
"474"	813	"MT-RNR1"	1	648	1601	"A"	"AAA"	154	5	2970	0.00352717528228854	0.000301185968645367	0.00227871449031753	0.0420071882202416
"475"	6973	"MT-CO1"	1	5904	7445	"T"	"GTA"	426	7	3380	0.00975699136529168	0.000522295008404536	0.00230172771155619	0.0422531444192815
"476"	7429	"MT-CO1"	1	5904	7445	"T"	"GTA"	426	7	3380	0.00975699136529168	0.000522295008404536	0.00230172771155619	0.0422531444192815
"477"	9266	"MT-CO3"	1	9207	9990	"G"	"GGG"	477	8	1897	0.0109250818808548	0.00119990944079692	0.00241345332282343	0.0442112266977592
"478"	14461	"MT-ND6"	-1	14149	14673	"T"	"CTG"	426	7	1047	0.00975699136529168	0.00171413395997135	0.002500574817287	0.0457113446724976
"479"	7428	"MT-CO1"	1	5904	7445	"G"	"CGT"	955	11	3380	0.0218730674973088	0.00117087261273787	0.00260461236038676	0.0475137845617108
"480"	3173	"MT-RNR2"	1	1671	3229	"G"	"CGT"	955	14	4742	0.0218730674973088	0.00121958539204881	0.00261799510410677	0.047658419207677
"481"	587	"MT-TF"	1	577	647	"C"	"GCT"	62	3	110	0.00142003160715513	0.00246070804889665	0.00264241589517348	0.0480029731642949
"482"	2909	"MT-RNR2"	1	1671	3229	"G"	"TGA"	1392	18	4742	0.0318819999541925	0.00177765745102822	0.0027315831445173	0.0493754103920179
"483"	4538	"MT-ND2"	1	4470	5511	"C"	"GCT"	62	3	2442	0.00142003160715513	0.000111451056807682	0.00274076062561818	0.0493754103920179
"484"	2721	"MT-RNR2"	1	1671	3229	"G"	"AGA"	1173	16	4742	0.026866081857951	0.00149798289515524	0.00274791419596859	0.0493754103920179
"485"	710	"MT-RNR1"	1	648	1601	"T"	"GTT"	314	7	2970	0.00719177297817274	0.000614106455549645	0.00275073815558188	0.0493754103920179
"486"	989	"MT-RNR1"	1	648	1601	"T"	"GTT"	314	7	2970	0.00719177297817274	0.000614106455549645	0.00275073815558188	0.0493754103920179
"487"	2699	"MT-RNR2"	1	1671	3229	"C"	"GCG"	45	3	4742	0.00103066810196743	5.74673744944467e-05	0.00275186826057596	0.0493754103920179
"488"	8958	"MT-ATP6"	1	8527	9207	"C"	"TCG"	148	4	1218	0.00338975286869288	0.000466431139951403	0.00275760969828015	0.0493770359499425
"489"	7702	"MT-CO2"	1	7586	8269	"G"	"TGT"	769	10	1402	0.0176129726758434	0.00243859126166179	0.00277688394716775	0.049620474295198
"490"	11441	"MT-ND4"	1	10760	12137	"T"	"GTC"	558	10	4397	0.0127802844643961	0.000776790934654899	0.00278426942469864	0.049650910679626
"491"	4690	"MT-ND2"	1	4470	5511	"T"	"ATC"	1926	18	2442	0.044112594764206	0.00346217315179993	0.00279141262151133	0.0496769113783421
