"pos"	"symbol"	"strand"	"gene_start"	"gene_end"	"nt"	"trinuc"	"s_trinuc"	"mutations_at_pos"	"mutations_in_gene"	"mu_pos"	"binomial_probability"	"p.value"	"q.value"
"1"	709	"MT-RNR1"	1	648	1601	"G"	"CGT"	450	69	1449	0.0249708673214583	0.00236337090217745	3.48552101410516e-64	2.22201964649204e-60
"2"	11711	"MT-ND4"	1	10760	12137	"G"	"CGC"	1026	73	1417	0.0569335774929249	0.00415258524739452	2.10217667938862e-53	6.70068816555123e-50
"3"	879	"MT-RNR1"	1	648	1601	"T"	"GTC"	288	42	1449	0.0159813550857333	0.00151255737739357	1.00376744241542e-38	2.13300581513278e-35
"4"	3565	"MT-ND1"	1	3307	4262	"A"	"AAC"	279	34	1268	0.0154819377393041	0.00148373475715144	7.86545497165795e-31	1.25355688610799e-27
"5"	11914	"MT-ND4"	1	10760	12137	"G"	"CGT"	450	36	1417	0.0249708673214583	0.00182130931903268	9.88772697361933e-29	1.26068518913646e-25
"6"	2702	"MT-RNR2"	1	1671	3229	"G"	"GGC"	914	51	2242	0.0507186060706953	0.00313763722871796	6.93384787107873e-27	7.36721336302115e-24
"7"	3243	"MT-TL1"	1	3230	3304	"A"	"GAG"	72	16	90	0.00399533877143333	0.00655677989254166	1.58502172961288e-18	1.44350193232602e-15
"8"	2623	"MT-RNR2"	1	1671	3229	"A"	"GAC"	105	17	2242	0.00582653570834027	0.000360450666318803	3.31963907653259e-17	2.64533738911191e-14
"9"	13063	"MT-ND5"	1	12337	14148	"G"	"AGT"	585	28	2147	0.0324621275178958	0.00166630587109344	2.89051546484936e-16	2.0474484542683e-13
"10"	1201	"MT-RNR1"	1	648	1601	"A"	"GAG"	72	13	1449	0.00399533877143333	0.000378139344348392	3.68898406416835e-14	2.35172734090732e-11
"11"	5609	"MT-TA"	-1	5587	5655	"T"	"CTG"	214	16	98	0.0118750346817602	0.0155241204207472	3.2345541615642e-12	1.87457116181561e-09
"12"	5970	"MT-CO1"	1	5904	7445	"G"	"CGG"	422	19	1605	0.0234171244659009	0.00150987141047751	1.53696935862396e-11	8.16514971768977e-09
"13"	5032	"MT-ND2"	1	4470	5511	"G"	"GGA"	507	20	1208	0.028133843848843	0.00252539088767241	9.88769096579112e-11	4.84877153130142e-08
"14"	15557	"MT-CYB"	1	14747	15887	"G"	"CGA"	736	25	1606	0.0408412407746518	0.00315036126425367	1.80192144888702e-10	8.20517802618197e-08
"15"	2492	"MT-RNR2"	1	1671	3229	"G"	"CGC"	1026	29	2242	0.0569335774929249	0.00352211793945802	5.47880058864635e-09	2.20939192273474e-06
"16"	13710	"MT-ND5"	1	12337	14148	"A"	"CAG"	21	6	2147	0.00116530714166805	5.98161081930978e-05	5.54514051196169e-09	2.20939192273474e-06
"17"	9966	"MT-CO3"	1	9207	9990	"G"	"TGT"	381	16	916	0.0211420009988347	0.00265108026302056	6.52976171027204e-09	2.44866064135202e-06
"18"	10197	"MT-ND3"	1	10059	10404	"G"	"CGC"	1026	27	438	0.0569335774929249	0.0165140272658501	9.09018384700873e-09	3.21944011248226e-06
"19"	2573	"MT-RNR2"	1	1671	3229	"G"	"CGG"	422	18	2242	0.0234171244659009	0.00144866839225271	1.12858155241631e-08	3.78668810350209e-06
"20"	3380	"MT-ND1"	1	3307	4262	"G"	"CGA"	736	22	1268	0.0408412407746518	0.00391408165327406	1.43426724299968e-08	4.55688246756121e-06
"21"	2300	"MT-RNR2"	1	1671	3229	"G"	"TGT"	381	17	2242	0.0211420009988347	0.00130792098921394	1.50109069519663e-08	4.55688246756121e-06
"22"	7609	"MT-CO2"	1	7586	8269	"T"	"GTC"	288	13	668	0.0159813550857333	0.0025244335363983	2.75496223274279e-08	7.98312919715241e-06
"23"	2814	"MT-RNR2"	1	1671	3229	"G"	"TGG"	314	15	2242	0.0174241163087509	0.00107791913546766	4.34766567642254e-08	1.20505950813886e-05
"24"	11900	"MT-ND4"	1	10760	12137	"G"	"TGT"	381	14	1417	0.0211420009988347	0.00154204189011434	8.1438382898539e-08	2.16320704574244e-05
"25"	12345	"MT-ND5"	1	12337	14148	"G"	"TGC"	360	14	2147	0.0199766938571666	0.00102541899759596	9.05289654184788e-08	2.30848861817121e-05
"26"	3699	"MT-ND1"	1	3307	4262	"C"	"GCG"	19	5	1268	0.00105432550912824	0.000101042868766586	2.56682796483214e-07	6.29366472146342e-05
"27"	5978	"MT-CO1"	1	5904	7445	"A"	"GAG"	72	7	1605	0.00399533877143333	0.000257608392308958	2.82442654906143e-07	6.66878490750615e-05
"28"	2916	"MT-RNR2"	1	1671	3229	"G"	"CGG"	422	16	2242	0.0234171244659009	0.00144866839225271	3.39221834666531e-07	7.57194743686091e-05
"29"	11195	"MT-ND4"	1	10760	12137	"G"	"AGG"	717	18	1417	0.0397869152655236	0.00290195284832541	3.44449373598379e-07	7.57194743686091e-05
"30"	15140	"MT-CYB"	1	14747	15887	"G"	"TGT"	381	14	1606	0.0211420009988347	0.00163082560010958	6.95237999464952e-07	0.000147738074886302
"31"	14207	"MT-ND6"	-1	14149	14673	"G"	"AGT"	585	16	508	0.0324621275178958	0.00696635903542721	9.13996096804066e-07	0.000187958874745997
"32"	4142	"MT-ND1"	1	3307	4262	"G"	"CGA"	736	19	1268	0.0408412407746518	0.00391408165327406	1.17000832565451e-06	0.000233087596126485
"33"	9715	"MT-CO3"	1	9207	9990	"G"	"GGT"	318	12	916	0.0176460795738305	0.00221271266047385	1.48645128747791e-06	0.000286158208668156
"34"	10646	"MT-ND4L"	1	10470	10766	"G"	"TGC"	360	12	328	0.0199766938571666	0.00625097671511174	1.52617711289683e-06	0.000286158208668156
"35"	1968	"MT-RNR2"	1	1671	3229	"G"	"TGG"	314	13	2242	0.0174241163087509	0.00107791913546766	1.61849920161584e-06	0.000287240670680108
"36"	11690	"MT-ND4"	1	10760	12137	"G"	"CGG"	422	13	1417	0.0234171244659009	0.00170798340584843	1.62206496384061e-06	0.000287240670680108
"37"	810	"MT-RNR1"	1	648	1601	"G"	"GGG"	227	11	1449	0.012596415293269	0.00119218932176507	2.06551652089047e-06	0.000355882914072344
"38"	4136	"MT-ND1"	1	3307	4262	"A"	"TAC"	165	9	1268	0.00915598468453471	0.000877477544551928	2.60244351190799e-06	0.000436594141800354
"39"	11456	"MT-ND4"	1	10760	12137	"G"	"CGC"	1026	20	1417	0.0569335774929249	0.00415258524739452	3.65467517194203e-06	0.000597398826182831
"40"	3915	"MT-ND1"	1	3307	4262	"G"	"GGG"	227	10	1268	0.012596415293269	0.00120719637947447	4.7591683752778e-06	0.0007584924598099
"41"	4831	"MT-ND2"	1	4470	5511	"G"	"GGC"	914	19	1208	0.0507186060706953	0.00455267706377235	4.99210711391321e-06	0.000776211776858456
"42"	8368	"MT-ATP8"	1	8366	8572	"G"	"TGC"	360	11	160	0.0199766938571666	0.0122963418383031	5.625926257054e-06	0.000853935235445697
"43"	1082	"MT-RNR1"	1	648	1601	"A"	"TAC"	165	9	1449	0.00915598468453471	0.000866569330798399	6.82757077693713e-06	0.00101222706285987
"44"	933	"MT-RNR1"	1	648	1601	"G"	"CGG"	422	14	1449	0.0234171244659009	0.00221631671270863	7.00084395200855e-06	0.00101432682259215
"45"	3667	"MT-ND1"	1	3307	4262	"T"	"GTG"	67	6	1268	0.00371788469008379	0.000356309063545328	7.95195766712096e-06	0.00112652733617547
"46"	12602	"MT-ND5"	1	12337	14148	"T"	"TTC"	392	12	2147	0.0217523999778037	0.00111656735293783	8.19629523670447e-06	0.0011358996116085
"47"	2571	"MT-RNR2"	1	1671	3229	"G"	"CGC"	1026	23	2242	0.0569335774929249	0.00352211793945802	8.85634350856218e-06	0.00118323137525459
"48"	12125	"MT-ND4"	1	10760	12137	"G"	"CGG"	422	12	1417	0.0234171244659009	0.00170798340584843	8.90903623721101e-06	0.00118323137525459
"49"	9343	"MT-CO3"	1	9207	9990	"G"	"GGC"	914	19	916	0.0507186060706953	0.00635980934488397	1.07913695082723e-05	0.00140397919622931
"50"	15092	"MT-CYB"	1	14747	15887	"G"	"CGG"	422	13	1606	0.0234171244659009	0.00180632126836284	1.10942127916745e-05	0.0014145121309385
"51"	1642	"MT-TV"	1	1602	1670	"G"	"GGA"	507	19	146	0.028133843848843	0.0416700912303773	1.18085505721076e-05	0.00147606882151345
"52"	1411	"MT-RNR1"	1	648	1601	"G"	"GGG"	227	10	1449	0.012596415293269	0.00119218932176507	1.34248594523652e-05	0.00164583613478516
"53"	2269	"MT-RNR2"	1	1671	3229	"G"	"GGA"	507	15	2242	0.028133843848843	0.00174046178879651	1.46587497786526e-05	0.00173517204280415
"54"	5591	"MT-TA"	-1	5587	5655	"G"	"GGA"	507	14	98	0.028133843848843	0.0367791077257889	1.46979278919881e-05	0.00173517204280415
"55"	13367	"MT-ND5"	1	12337	14148	"G"	"GGG"	227	9	2147	0.012596415293269	0.000646583645706343	1.50725442913955e-05	0.00174704490650266
"56"	12315	"MT-TL2"	1	12266	12336	"G"	"TGG"	314	11	73	0.0174241163087509	0.0310645033636723	1.56183326257958e-05	0.00177797983016872
"57"	10914	"MT-ND4"	1	10760	12137	"G"	"TGT"	381	11	1417	0.0211420009988347	0.00154204189011434	1.81510072566802e-05	0.00202443136337006
"58"	7041	"MT-CO1"	1	5904	7445	"G"	"TGT"	381	11	1605	0.0211420009988347	0.0013631777426349	1.8418355933406e-05	0.00202443136337006
"59"	8060	"MT-CO2"	1	7586	8269	"G"	"CGT"	450	12	668	0.0249708673214583	0.00394442740062234	1.97075956412148e-05	0.00212942241038549
"60"	13916	"MT-ND5"	1	12337	14148	"G"	"GGA"	507	13	2147	0.028133843848843	0.00144413175494765	2.21434371536276e-05	0.00235274019757293
"61"	4665	"MT-ND2"	1	4470	5511	"G"	"CGC"	1026	19	1208	0.0569335774929249	0.00511055434073351	2.41040842934831e-05	0.00251907438313041
"62"	13019	"MT-ND5"	1	12337	14148	"G"	"GGT"	318	10	2147	0.0176460795738305	0.000905786781209766	3.64133480172341e-05	0.00374411441306238
"63"	1552	"MT-RNR1"	1	648	1601	"G"	"GGA"	507	14	1449	0.028133843848843	0.00266273121645326	5.07276474663471e-05	0.00513315480314226
"64"	6710	"MT-CO1"	1	5904	7445	"A"	"GAT"	34	4	1605	0.00188668775317685	0.00012164840747923	5.16466755879354e-05	0.005144493076142
"65"	2627	"MT-RNR2"	1	1671	3229	"G"	"TGT"	381	12	2242	0.0211420009988347	0.00130792098921394	5.67591038124184e-05	0.00553560830707813
"66"	10068	"MT-ND3"	1	10059	10404	"G"	"CGC"	1026	20	438	0.0569335774929249	0.0165140272658501	5.73098271791618e-05	0.00553560830707813
"67"	10534	"MT-ND4L"	1	10470	10766	"A"	"TAT"	71	5	328	0.00393984795516342	0.0012328315188137	6.27933330089709e-05	0.00597473877510731
"68"	2690	"MT-RNR2"	1	1671	3229	"G"	"CGT"	450	13	2242	0.0249708673214583	0.00154478856993773	6.72263816411822e-05	0.00629381785811835
"69"	8543	"MT-ATP8"	1	8366	8572	"T"	"TTC"	392	10	160	0.0217523999778037	0.0133893500017078	6.81213226996339e-05	0.00629381785811835
"70"	13676	"MT-ND5"	1	12337	14148	"A"	"AAC"	279	9	2147	0.0154819377393041	0.000794699723136871	7.28560538532692e-05	0.00663510490449416
"71"	2333	"MT-RNR2"	1	1671	3229	"G"	"CGC"	1026	21	2242	0.0569335774929249	0.00352211793945802	7.58893277668146e-05	0.00681400654244286
"72"	12868	"MT-ND5"	1	12337	14148	"G"	"CGG"	422	11	2147	0.0234171244659009	0.00120201893607082	8.00849096579218e-05	0.00709085137596182
"73"	14858	"MT-CYB"	1	14747	15887	"G"	"TGG"	314	10	1606	0.0174241163087509	0.00134403999589083	8.50672756745631e-05	0.00742882030719643
"74"	13327	"MT-ND5"	1	12337	14148	"A"	"TAC"	165	7	2147	0.00915598468453471	0.000469983707231483	8.73482614616052e-05	0.00752493468672613
"75"	13722	"MT-ND5"	1	12337	14148	"A"	"TAT"	71	5	2147	0.00393984795516342	0.000202235413414759	8.93880898774578e-05	0.00759798763958391
"76"	10203	"MT-ND3"	1	10059	10404	"G"	"CGT"	450	12	438	0.0249708673214583	0.00724299441484653	0.000109959166142153	0.00922354847573981
"77"	9531	"MT-CO3"	1	9207	9990	"A"	"TAC"	165	7	916	0.00915598468453471	0.00114810562571757	0.000111423718693337	0.00922501567103929
"78"	7588	"MT-CO2"	1	7586	8269	"G"	"TGG"	314	9	668	0.0174241163087509	0.00275233378621204	0.000124044238053218	0.0100098989568261
"79"	7896	"MT-CO2"	1	7586	8269	"G"	"TGG"	314	9	668	0.0174241163087509	0.00275233378621204	0.000124044238053218	0.0100098989568261
"80"	12113	"MT-ND4"	1	10760	12137	"G"	"CGA"	736	14	1417	0.0408412407746518	0.00297885257512901	0.00012832716019045	0.0101381686467652
"81"	7598	"MT-CO2"	1	7586	8269	"G"	"AGC"	1517	22	668	0.0841795682814494	0.0132971030372091	0.000128814378100075	0.0101381686467652
"82"	6713	"MT-CO1"	1	5904	7445	"C"	"ACA"	131	6	1605	0.00726929693135786	0.000468704158228799	0.000131748855855381	0.0102426701960738
"83"	8251	"MT-CO2"	1	7586	8269	"G"	"GGC"	914	16	668	0.0507186060706953	0.00801157032037516	0.000136611340724514	0.0103855695406889
"84"	15923	"MT-TT"	1	15888	15953	"A"	"AAA"	51	5	52	0.00283003162976527	0.00947251114413076	0.00013684515159496	0.0103855695406889
"85"	2680	"MT-RNR2"	1	1671	3229	"T"	"TTG"	100	6	2242	0.00554908162699073	0.000343286348875051	0.000149201833494025	0.0110965989187354
"86"	4752	"MT-ND2"	1	4470	5511	"T"	"ATC"	802	15	1208	0.0445036346484657	0.00399479978681118	0.00014969529521745	0.0110965989187354
"87"	7919	"MT-CO2"	1	7586	8269	"G"	"CGA"	736	14	668	0.0408412407746518	0.00645133014857343	0.000152873161767613	0.0112019127157303
"88"	3248	"MT-TL1"	1	3230	3304	"G"	"CGG"	422	12	90	0.0234171244659009	0.0384300154812858	0.000174563190008499	0.0126459129125475
"89"	3744	"MT-ND1"	1	3307	4262	"A"	"TAG"	40	4	1268	0.00221963265079629	0.000212721828982286	0.000177196623614914	0.0126924547814054
"90"	1180	"MT-RNR1"	1	648	1601	"T"	"GTG"	67	5	1449	0.00371788469008379	0.000351879667657532	0.000187221518053983	0.0131780700801007
"91"	10685	"MT-ND4L"	1	10470	10766	"G"	"CGG"	422	10	328	0.0234171244659009	0.00732753381604765	0.000188110490555163	0.0131780700801007
"92"	1767	"MT-RNR2"	1	1671	3229	"G"	"TGG"	314	10	2242	0.0174241163087509	0.00107791913546766	0.000210379397707725	0.014484655932417
"93"	1412	"MT-RNR1"	1	648	1601	"G"	"GGT"	318	10	1449	0.0176460795738305	0.00167011543753873	0.000211305568896436	0.014484655932417
"94"	6709	"MT-CO1"	1	5904	7445	"G"	"GGA"	507	11	1605	0.028133843848843	0.00181399242917558	0.00022342719953	0.0151526425213165
"95"	2009	"MT-RNR2"	1	1671	3229	"G"	"GGT"	318	10	2242	0.0176460795738305	0.00109165058942266	0.000232341318974009	0.0155913253522032
"96"	1227	"MT-RNR1"	1	648	1601	"G"	"CGA"	736	16	1449	0.0408412407746518	0.00386542440889468	0.000235595849073251	0.0156450368525206
"97"	13596	"MT-ND5"	1	12337	14148	"C"	"GCG"	19	3	2147	0.00105432550912824	5.41193359842313e-05	0.000239392599012365	0.0157332764814827
"98"	13406	"MT-ND5"	1	12337	14148	"G"	"CGA"	736	14	2147	0.0408412407746518	0.00209641217286286	0.00024723063183073	0.0160046336463001
"99"	15392	"MT-CYB"	1	14747	15887	"G"	"CGA"	736	15	1606	0.0408412407746518	0.00315036126425367	0.000248542546036661	0.0160046336463001
"100"	10326	"MT-ND3"	1	10059	10404	"T"	"GTC"	288	9	438	0.0159813550857333	0.00463551642550178	0.000251934360662817	0.0160608154922546
"101"	10176	"MT-ND3"	1	10059	10404	"G"	"CGG"	422	11	438	0.0234171244659009	0.00679231920681163	0.000254848370238038	0.0160857263392821
"102"	14889	"MT-CYB"	1	14747	15887	"G"	"GGA"	507	12	1606	0.028133843848843	0.00217015375132692	0.000272667644434687	0.0170417277771679
"103"	14423	"MT-ND6"	-1	14149	14673	"G"	"TGA"	671	13	508	0.0372343377171078	0.00799047335516523	0.000291637614367933	0.0180372938893321
"104"	10310	"MT-ND3"	1	10059	10404	"G"	"TGC"	360	10	438	0.0199766938571666	0.00579439553187722	0.000294255461096554	0.0180372938893321
"105"	12763	"MT-ND5"	1	12337	14148	"G"	"CGG"	422	10	2147	0.0234171244659009	0.00120201893607082	0.000350670668158043	0.0212220372383421
"106"	6951	"MT-CO1"	1	5904	7445	"G"	"CGT"	450	10	1605	0.0249708673214583	0.00161005245193099	0.00035286838388459	0.0212220372383421
"107"	9445	"MT-CO3"	1	9207	9990	"G"	"CGA"	736	14	916	0.0408412407746518	0.00512124691229169	0.00036195202377266	0.0215648986126235
"108"	11126	"MT-ND4"	1	10760	12137	"G"	"CGA"	736	13	1417	0.0408412407746518	0.00297885257512901	0.000439587444009011	0.0259478699588652
"109"	1792	"MT-RNR2"	1	1671	3229	"G"	"GGG"	227	8	2242	0.012596415293269	0.000779260011946365	0.000459616118116553	0.0266368432090275
"110"	2621	"MT-RNR2"	1	1671	3229	"G"	"GGG"	227	8	2242	0.012596415293269	0.000779260011946365	0.000459616118116553	0.0266368432090275
"111"	13208	"MT-ND5"	1	12337	14148	"G"	"TGC"	360	9	2147	0.0199766938571666	0.00102541899759596	0.000467410667942188	0.0268445316047878
"112"	13369	"MT-ND5"	1	12337	14148	"T"	"GTC"	288	8	2147	0.0159813550857333	0.00082033519807677	0.000484130969425472	0.0273488163903984
"113"	4818	"MT-ND2"	1	4470	5511	"G"	"AGA"	532	11	1208	0.0295211142555907	0.00264991706556552	0.000487219614264295	0.0273488163903984
"114"	9209	"MT-CO3"	1	9207	9990	"G"	"TGA"	671	13	916	0.0372343377171078	0.0046689628779181	0.000489061187216536	0.0273488163903984
"115"	4377	"MT-TQ"	-1	4329	4400	"T"	"GTG"	67	4	54	0.00371788469008379	0.00672623230599338	0.000495014744968519	0.0274410347754288
"116"	7312	"MT-CO1"	1	5904	7445	"T"	"TTC"	392	9	1605	0.0217523999778037	0.00140253458034877	0.000544981711110485	0.0299505035200805
"117"	12772	"MT-ND5"	1	12337	14148	"G"	"GGG"	227	7	2147	0.012596415293269	0.000646583645706343	0.000588814766036461	0.0320828558417302
"118"	6718	"MT-CO1"	1	5904	7445	"G"	"GGT"	318	8	1605	0.0176460795738305	0.00113777039936457	0.000609643226173827	0.0329362336174419
"119"	3922	"MT-ND1"	1	3307	4262	"G"	"CGA"	736	14	1268	0.0408412407746518	0.00391408165327406	0.000631212507407106	0.0338149557539521
"120"	3850	"MT-ND1"	1	3307	4262	"G"	"GGC"	914	16	1268	0.0507186060706953	0.00486069379224523	0.00064970652622735	0.0344636925309796
"121"	9268	"MT-CO3"	1	9207	9990	"C"	"GCC"	60	4	916	0.00332944897619444	0.000417492954806388	0.000654134399411534	0.0344636925309796
"122"	13708	"MT-ND5"	1	12337	14148	"G"	"GGC"	914	15	2147	0.0507186060706953	0.00260342489945197	0.000689305741147188	0.0360190499984699
"123"	7356	"MT-CO1"	1	5904	7445	"G"	"AGT"	585	11	1605	0.0324621275178958	0.00209306818751029	0.000723893825931193	0.0375188873196045
"124"	9265	"MT-CO3"	1	9207	9990	"G"	"GGG"	227	7	916	0.012596415293269	0.00157951501235083	0.000741997245851995	0.0381470358250522
"125"	12889	"MT-ND5"	1	12337	14148	"G"	"CGC"	1026	16	2147	0.0569335774929249	0.00292244414314849	0.000793296796529179	0.0404581366229881
"126"	3526	"MT-ND1"	1	3307	4262	"G"	"CGC"	1026	17	1268	0.0569335774929249	0.00545631491339563	0.000814374127742183	0.0412034528917176
"127"	6720	"MT-CO1"	1	5904	7445	"A"	"TAT"	71	4	1605	0.00393984795516342	0.000254030497971334	0.000830367413892762	0.0416818288469792
"128"	1336	"MT-RNR1"	1	648	1601	"G"	"TGT"	381	10	1449	0.0211420009988347	0.00200098736384358	0.000843520001527342	0.0420112500760688
"129"	10159	"MT-ND3"	1	10059	10404	"C"	"TCC"	102	5	438	0.00566006325953055	0.00164174540069855	0.000870130051573913	0.0430006130138271
"130"	874	"MT-RNR1"	1	648	1601	"G"	"GGT"	318	9	1449	0.0176460795738305	0.00167011543753873	0.000900629001838344	0.0435787310438479
"131"	1348	"MT-RNR1"	1	648	1601	"G"	"GGT"	318	9	1449	0.0176460795738305	0.00167011543753873	0.000900629001838344	0.0435787310438479
"132"	8387	"MT-ATP8"	1	8366	8572	"G"	"CGT"	450	9	160	0.0249708673214583	0.0153704272978789	0.00090233607808438	0.0435787310438479
"133"	3705	"MT-ND1"	1	3307	4262	"G"	"TGC"	360	9	1268	0.0199766938571666	0.00191449646084057	0.000918497709036001	0.043697185784362
"134"	3834	"MT-ND1"	1	3307	4262	"G"	"TGC"	360	9	1268	0.0199766938571666	0.00191449646084057	0.000918497709036001	0.043697185784362
"135"	2777	"MT-RNR2"	1	1671	3229	"G"	"GGT"	318	9	2242	0.0176460795738305	0.00109165058942266	0.000977912779424654	0.0458396615355307
"136"	3091	"MT-RNR2"	1	1671	3229	"G"	"GGT"	318	9	2242	0.0176460795738305	0.00109165058942266	0.000977912779424654	0.0458396615355307
"137"	15200	"MT-CYB"	1	14747	15887	"G"	"CGC"	1026	17	1606	0.0569335774929249	0.00439167208848406	0.001007461356174	0.0468800448584619
"138"	14865	"MT-CYB"	1	14747	15887	"G"	"TGC"	360	9	1606	0.0199766938571666	0.00154093757490669	0.00105148687354771	0.0485741218758452
